1 0.475456 0.791897 0.475456 0.79558 0.474053 0.797422 0.476858 0.801105 0.478261 0.801105 0.481066 0.804788 0.481066 0.80663 0.483871 0.810313 0.486676 0.810313 0.489481 0.813996 0.489481 0.802947 0.483871 0.79558 0.482468 0.79558 0.479663 0.791897 0.419834
1 0.437588 0.793738 0.436185 0.79558 0.436185 0.799263 0.43899 0.802947 0.440393 0.802947 0.443198 0.80663 0.443198 0.808471 0.446003 0.812155 0.446003 0.802947 0.443198 0.799263 0.443198 0.797422 0.440393 0.793738 0.352412
1 0.538569 0.696133 0.532959 0.703499 0.531557 0.703499 0.528752 0.707182 0.527349 0.707182 0.525947 0.709024 0.525947 0.712707 0.524544 0.714549 0.524544 0.718232 0.525947 0.720074 0.525947 0.723757 0.531557 0.731123 0.537167 0.731123 0.548387 0.71639 0.548387 0.714549 0.54979 0.712707 0.54979 0.701657 0.546985 0.697974 0.546985 0.696133 0.349341
1 0.513324 0.79558 0.511921 0.797422 0.510519 0.797422 0.510519 0.801105 0.513324 0.801105 0.514727 0.802947 0.523142 0.802947 0.524544 0.804788 0.525947 0.804788 0.528752 0.808471 0.528752 0.810313 0.532959 0.815838 0.537167 0.815838 0.537167 0.810313 0.535764 0.808471 0.535764 0.804788 0.534362 0.804788 0.532959 0.802947 0.531557 0.802947 0.530154 0.801105 0.530154 0.799263 0.527349 0.79558 0.292026
1 0.544179 0.771639 0.542777 0.773481 0.541374 0.773481 0.541374 0.775322 0.542777 0.777164 0.542777 0.779006 0.544179 0.780847 0.544179 0.78453 0.545582 0.786372 0.545582 0.788214 0.551192 0.79558 0.551192 0.799263 0.552595 0.799263 0.553997 0.801105 0.5554 0.801105 0.556802 0.802947 0.558205 0.802947 0.559607 0.804788 0.562412 0.804788 0.563815 0.80663 0.573633 0.80663 0.575035 0.804788 0.57784 0.804788 0.579243 0.80663 0.580645 0.80663 0.582048 0.808471 0.58345 0.808471 0.584853 0.810313 0.586255 0.810313 0.58906 0.813996 0.590463 0.813996 0.591865 0.815838 0.598878 0.815838 0.598878 0.808471 0.596073 0.808471 0.591865 0.802947 0.591865 0.801105 0.590463 0.799263 0.582048 0.799263 0.580645 0.797422 0.570827 0.797422 0.569425 0.79558 0.568022 0.79558 0.565217 0.791897 0.562412 0.791897 0.56101 0.793738 0.556802 0.793738 0.553997 0.790055 0.553997 0.78453 0.5554 0.782689 0.553997 0.782689 0.552595 0.780847 0.551192 0.780847 0.54979 0.779006 0.54979 0.775322 0.546985 0.771639 0.287705
1 0.552595 0.791897 0.551192 0.793738 0.551192 0.797422 0.553997 0.801105 0.556802 0.801105 0.559607 0.804788 0.562412 0.804788 0.563815 0.80663 0.575035 0.80663 0.576438 0.804788 0.57784 0.804788 0.580645 0.808471 0.58345 0.808471 0.584853 0.810313 0.584853 0.801105 0.58345 0.801105 0.582048 0.799263 0.580645 0.799263 0.579243 0.797422 0.569425 0.797422 0.568022 0.79558 0.56662 0.79558 0.565217 0.793738 0.56101 0.793738 0.559607 0.79558 0.558205 0.79558 0.556802 0.793738 0.553997 0.793738 0.263232
1 0.510519 0.79558 0.509116 0.797422 0.506311 0.797422 0.506311 0.799263 0.507714 0.801105 0.510519 0.801105 0.511921 0.802947 0.521739 0.802947 0.524544 0.80663 0.524544 0.808471 0.525947 0.810313 0.527349 0.810313 0.532959 0.81768 0.538569 0.81768 0.539972 0.815838 0.537167 0.812155 0.537167 0.810313 0.535764 0.808471 0.535764 0.804788 0.534362 0.804788 0.532959 0.802947 0.531557 0.802947 0.530154 0.801105 0.530154 0.799263 0.527349 0.79558 0.254851
1 0.511921 0.79558 0.510519 0.797422 0.507714 0.797422 0.506311 0.799263 0.507714 0.799263 0.509116 0.801105 0.510519 0.801105 0.511921 0.802947 0.521739 0.802947 0.525947 0.808471 0.527349 0.808471 0.528752 0.810313 0.528752 0.812155 0.530154 0.812155 0.531557 0.813996 0.531557 0.802947 0.528752 0.799263 0.528752 0.797422 0.527349 0.79558 0.22887
1 0.597475 0.707182 0.597475 0.710866 0.598878 0.712707 0.598878 0.714549 0.600281 0.71639 0.600281 0.718232 0.601683 0.718232 0.603086 0.720074 0.607293 0.720074 0.608696 0.721915 0.610098 0.721915 0.612903 0.725599 0.612903 0.732965 0.657784 0.732965 0.659187 0.731123 0.659187 0.729282 0.660589 0.72744 0.660589 0.712707 0.659187 0.710866 0.656381 0.710866 0.654979 0.712707 0.652174 0.712707 0.650771 0.714549 0.647966 0.714549 0.646564 0.71639 0.645161 0.71639 0.642356 0.720074 0.633941 0.720074 0.632539 0.718232 0.631136 0.718232 0.628331 0.714549 0.625526 0.714549 0.624123 0.712707 0.621318 0.712707 0.619916 0.710866 0.617111 0.710866 0.614306 0.707182 0.217838
1 0.83871 0.779006 0.837307 0.780847 0.834502 0.780847 0.828892 0.788214 0.827489 0.788214 0.826087 0.790055 0.826087 0.793738 0.824684 0.79558 0.824684 0.801105 0.827489 0.801105 0.834502 0.791897 0.837307 0.791897 0.83871 0.790055 0.840112 0.790055 0.841515 0.788214 0.841515 0.779006 0.209616
