0 0.36051777170198224 0.30595104783234683 0.3928571428571428 0.22982100641675116 0.47402597402597396 0.12343802769334687 0.5422077922077922 0.08966565349544077 0.6071428571428572 0.018743667679837935 0.6807359307359307 0.08291117865585955 0.7865094089583885 0.2646651365713458 0.798436257619931 0.35357608088828235 0.7772329711105221 0.470400926327978 0.7056718791412668 0.5655149597833053 0.39623641664457987 0.5913611645266009 0.3962450592885376 0.6441223832528181 0.5713658322353975 0.6415527460855861 0.5723905723905723 0.8493126696436388 0.4180695847362514 0.8901730729941919 0.3778526000748223 0.8814172722762162 0.3722409277964833 0.8026150658144354 0.3717532467532467 0.704322863897332 0.36475869809203143 0.5866386481043692 0.35768398268398266 0.4932455251604188
0 0.28688399142944604 0.6922296248537384 0.299127640036731 0.6874537335530244 0.3167278849097031 0.6993934618048093 0.31902356902356904 0.7149151085321299 0.3083103764921947 0.7411825106860568 0.2945362718089991 0.7268548367839148 0.28688399142944604 0.7077512715810589
0 0.309392552527564 0.9851177434798839 0.3426773455377574 0.9794374928996867 0.35723944247971706 0.9388642744697081 0.36452049095069694 0.879627375561939 0.36244019138755984 0.8285051203401659 0.34527771999167883 0.7968580099647824 0.3296754732681506 0.7936121524903842 0.3062721031828583 0.8114643685995747 0.3088724776367797 0.9331840238895109
1 0.2877272727272727 0.626241134751773 0.2852272727272727 0.6287234042553191 0.2968181818181818 0.6329787234042553 0.3 0.6287234042553191
1 0.28318181818181815 0.6095744680851064 0.2952272727272727 0.6106382978723404 0.2934090909090909 0.6031914893617021 0.28500000000000003 0.60177304964539 0.27954545454545454 0.6031914893617021
1 0.27045454545454545 0.5783687943262411 0.2786363636363636 0.5762411347517731 0.2786363636363636 0.5797872340425532 0.28704545454545455 0.5808510638297872 0.28545454545454546 0.5843971631205674 0.275 0.5858156028368794
1 0.2590909090909091 0.5556737588652482 0.2627272727272727 0.5613475177304965 0.28 0.5592198581560284 0.27 0.5560283687943263 0.2677272727272727 0.5521276595744681
1 0.24772727272727274 0.5354609929078015 0.26477272727272727 0.5368794326241135 0.25136363636363634 0.5294326241134752
1 0.23272727272727273 0.4907801418439717 0.2434090909090909 0.4900709219858156 0.24204545454545454 0.4854609929078014 0.23795454545454547 0.4812056737588652 0.23454545454545456 0.4815602836879433 0.2318181818181818 0.4861702127659574
1 0.23977272727272728 0.5145390070921986 0.2559090909090909 0.5156028368794326 0.25227272727272726 0.5109929078014184 0.23727272727272727 0.5067375886524823 0.23636363636363636 0.5109929078014184
