0 0.20585269102766668 0.4341185636701116 0.22938447574545337 0.4180778661289214 0.24871415604934954 0.4123490455784963 0.24871415604934954 0.38943376337679597 0.23526742192490002 0.34704049130365044 0.2443357682307787 0.2704447632711621 0.2579546861458462 0.1928010802599375 0.26414510337996777 0.14891552029707145 0.2890543584226981 0.1591351772497078 0.3109053013749286 0.19694539288251334 0.29325646283658857 0.2588166548271042 0.2913829392101028 0.34471263397755086 0.2873735166571419 0.4513050253213867 0.2571183648771305 0.4409931483306217
0 0.08517304251804042 0.15164520326531566 0.06890884344424376 0.12305326852494791 0.05949272819099306 0.08687571844529897 0.057780707235856564 0.057700274832678825 0.07490091678722148 0.04427957077087357 0.09630117872642761 0.07053747002223168 0.11727343542684963 0.11430063544116188 0.13396563973943043 0.1621483629658589 0.13867369736605578 0.18548871785595503 0.12711755591888446 0.20882907274605111 0.11213737256144016 0.19132380657847903
1 0.37764266190662127 0.6619833453743488 0.3862888380654878 0.660462374995247 0.3960506498577565 0.6680672268907564 0.3960506498577565 0.6764325639758165 0.3913091984157974 0.6749115935967147 0.38043175099012666 0.6684474694855318
1 0.33045685279187814 0.6176470588235294 0.33908629441624366 0.6311418685121107 0.34949238578680203 0.6342560553633219 0.34974619289340103 0.6387543252595156 0.3464467005076142 0.6408304498269896 0.35634517766497464 0.6536332179930796 0.3687817258883249 0.6761245674740485 0.36979695431472076 0.6650519031141868 0.3604060913705584 0.6505190311418685 0.36776649746192897 0.6442906574394464 0.35482233502538074 0.6411764705882353 0.3532994923857868 0.6269896193771626 0.34086294416243657 0.6249134948096886 0.3342639593908629 0.614878892733564
0 0.26525043279246496 0.4563973838430305 0.2485255714327631 0.4755985359121547 0.24793873419207182 0.4971998319899194 0.26583727003315627 0.5200012000720042 0.2940054575863384 0.5540032401944116 0.32614213197969544 0.5868512110726644 0.3447668789061354 0.6072064323859431 0.360904903025146 0.6180070804248254 0.3726416478389718 0.6088065283917035 0.3752824154220826 0.5860051603096185 0.37029429887620663 0.5616036962217733 0.36501276370998503 0.5432025921555292 0.3474076464892462 0.509600576034562 0.3378172588832487 0.43910034602076126 0.3021306438685546 0.4097614277909306 0.2926395939086294 0.4605536332179931
1 0.3129441624365482 0.5982698961937717 0.30939086294416246 0.5913494809688582 0.3114213197969543 0.5826989619377163 0.3175126903553299 0.5868512110726644 0.3208121827411168 0.6013840830449827 0.3190355329949239 0.6124567474048442 0.3081218274111675 0.6031141868512111 0.3015228426395939 0.5913494809688582
1 0.25736040609137056 0.5176470588235293 0.26751269035533 0.5266435986159169 0.3015228426395939 0.5806228373702422 0.29670050761421324 0.5820069204152248 0.28883248730964467 0.5719723183391003 0.2697969543147208 0.5422145328719723
1 0.26776649746192893 0.5515570934256055 0.26649746192893403 0.5553633217993079 0.2893401015228426 0.5920415224913494 0.27918781725888325 0.5647058823529412
1 0.8091370558375635 0.29930795847750863 0.8139593908629441 0.30519031141868513 0.8228426395939086 0.2958477508650519 0.8162436548223351 0.2906574394463668
1 0.8982233502538071 0.4121107266435986 0.8951776649746193 0.4204152249134948 0.8964467005076142 0.4249134948096886 0.9043147208121828 0.41522491349480967 0.9015228426395939 0.40865051903114186
0 0.649746192893401 0.4539792387543252 0.6434907450135876 0.45786585578973116 0.6563451776649747 0.4830449826989619 0.6890862944162437 0.5152249134948097 0.7038071065989848 0.5453287197231834 0.7092414047978783 0.5601535235583086 0.708154436461266 0.5742314560286893 0.6679366080066088 0.5923845794773382 0.6779910651202731 0.6498077250802072 0.7000021739366732 0.6361002645169417 0.7019043685257449 0.6179471410682928 0.7317959977825845 0.5905322199417619 0.7641333057968022 0.5653401302579226 0.7601522842639594 0.5474048442906574 0.7553299492385788 0.5173010380622838 0.7109137055837564 0.542560553633218 0.6918781725888326 0.5093425605536331 0.6596446700507613 0.4764705882352941
1 0.7525380710659898 0.4384083044982699 0.7596446700507614 0.4422145328719723 0.7644670050761421 0.4384083044982699 0.7581218274111675 0.43356401384083043
