0 0.37306587603076063 0.4457159197758844 0.40804021867144785 0.5378687565861705 0.4586431471813531 0.5463169858373195 0.4695459579180509 0.5064551367992453 0.48789748457522536 0.44786235662148066 0.5094130675526024 0.424028005362729 0.5321942730580604 0.41211082973335317 0.5544657139341523 0.4077660261184765 0.5657332700522069 0.4250211033318437 0.5739598164847334 0.4945379611698694 0.5866160417655434 0.5749788966681563 0.5948789320882345 0.4340106529887552 0.5957592339261286 0.38738609799150797 0.5960761425877705 0.32222003024922735 0.5936817215886984 0.23579366645060076 0.5811110113435696 0.12306362671326175 0.5535751698542397 0.20197465452939906 0.5236449073658377 0.24049075143965656 0.5098769866211726 0.20948999051188832 0.4835383556313789 0.20667173951845486 0.46498159288856966 0.24518783642871236 0.4522957662492547 0.33952696848073977 0.4059166501026966 0.30348119034250426 0.4051854597115414 0.43408361687071667
1 0.06589147286821714 0.6405182774895202 0.06701223498645754 0.6367074135959897 0.06869337816381815 0.6346554099610119 0.07074810871392555 0.6384662738545421 0.06962734659568515 0.6472605751473044 0.07467077612776696 0.6481400052765808 0.07896703091435518 0.6457948582651775 0.08015503875968992 0.6503649635036497 0.07844961240310078 0.6535279805352798 0.0792248062015504 0.6591240875912409 0.08093023255813954 0.6608272506082725 0.08046511627906977 0.6654501216545012 0.08403100775193799 0.6666666666666666 0.08434108527131783 0.6586374695863747 0.08248062015503876 0.6537712895377129 0.0827906976744186 0.6420924574209245 0.08496124031007751 0.6489051094890511 0.08775193798449613 0.6491484184914842 0.08930232558139535 0.6428223844282238 0.08976744186046512 0.6347931873479318 0.0854263565891473 0.6345498783454988 0.08093023255813954 0.6311435523114355 0.08186046511627906 0.62676399026764 0.08248062015503876 0.6197080291970802 0.08527131782945736 0.6070559610705596 0.08341085271317829 0.6048661800486618 0.08682170542635659 0.6014598540145986 0.08573643410852713 0.594647201946472 0.08372093023255814 0.591970802919708 0.07953488372093023 0.5958637469586375 0.07457364341085272 0.5970802919708029 0.07131782945736434 0.605352798053528 0.0765891472868217 0.6012165450121655 0.07720930232558139 0.6041362530413625 0.07364341085271318 0.6092457420924574 0.07193798449612403 0.6175182481751825 0.06930232558139535 0.6206812652068127 0.06883720930232558 0.6248175182481752 0.06248062015503875 0.6250608272506082 0.06666666666666667 0.6284671532846715 0.06465116279069767 0.6330900243309002
1 0.09255813953488373 0.6333333333333334 0.09271317829457364 0.6469586374695864 0.09627906976744187 0.6474452554744526 0.09581395348837209 0.64014598540146 0.09891472868217054 0.6440389294403893 0.09922480620155039 0.6340632603406327
1 0.10589147286821705 0.6425790754257908 0.10511627906976743 0.6469586374695864 0.10682170542635659 0.6506082725060827 0.10775193798449613 0.6581508515815085 0.11085271317829458 0.6690997566909975 0.11379844961240311 0.65669099756691 0.11085271317829458 0.6520681265206812 0.11007751937984496 0.6472019464720195
0 0.19029679538264627 0.602831530623331 0.18321298912474743 0.6197595712910536 0.17870511241517545 0.6382035558991696 0.17870511241517545 0.6617006869752623 0.18403100775193798 0.675669099756691 0.19488372093023257 0.6700729927007298 0.19829457364341085 0.6586374695863747 0.19736434108527132 0.6214111922141119
1 0.13147286821705426 0.6214111922141119 0.131937984496124 0.6257907542579075 0.12883720930232556 0.6287104622871046 0.12883720930232556 0.6374695863746959 0.1344186046511628 0.6386861313868614 0.13891472868217053 0.6381995133819952 0.1398449612403101 0.6335766423357664 0.14418604651162792 0.6333333333333334 0.14883720930232558 0.6357664233576643 0.15038759689922482 0.6462287104622871 0.1531782945736434 0.6464720194647202 0.15410852713178294 0.6420924574209245 0.1564341085271318 0.6384428223844282 0.15705426356589147 0.6335766423357664 0.16790697674418603 0.6321167883211679 0.1702325581395349 0.6372262773722627 0.17333333333333334 0.6355231143552311 0.17627906976744187 0.6330900243309002 0.17813953488372095 0.6243309002433091 0.17689922480620154 0.6204379562043796 0.16744186046511628 0.6197080291970802 0.16713178294573644 0.624574209245742 0.16387596899224807 0.6255474452554745 0.16372093023255813 0.6282238442822384 0.15689922480620155 0.6287104622871046 0.15488372093023256 0.6321167883211679 0.15069767441860465 0.6316301703163018 0.15364341085271316 0.6248175182481752 0.14666666666666667 0.621897810218978 0.14790697674418604 0.6109489051094891 0.14294573643410854 0.6048661800486618 0.14465116279069767 0.6014598540145986 0.1449612403100775 0.5982968369829684 0.14713178294573645 0.591970802919708 0.14387596899224805 0.5902676399026764 0.13891472868217053 0.6009732360097324 0.1381395348837209 0.6145985401459854 0.14356589147286822 0.6226277372262774 0.14527131782945737 0.6282238442822384 0.1386046511627907 0.6240875912408759 0.13627906976744186 0.6204379562043796
1 0.11875968992248061 0.6012165450121655 0.12434108527131783 0.6021897810218978 0.12775193798449613 0.5995133819951338 0.13286821705426358 0.5982968369829684 0.12930232558139534 0.594403892944039 0.12372093023255813 0.594647201946472
1 0.14790697674418604 0.6012165450121655 0.15007751937984495 0.6048661800486618 0.15472868217054264 0.6065693430656934 0.1573643410852713 0.6119221411192214 0.1567441860465116 0.6228710462287105 0.16015503875968992 0.6201946472019465 0.1593798449612403 0.6060827250608273 0.15457364341085272 0.6014598540145986 0.15193798449612403 0.5978102189781022 0.1475968992248062 0.5980535279805353
1 0.11627906976744186 0.6075425790754257 0.11689922480620156 0.6126520681265207 0.13069767441860464 0.6128953771289538 0.13147286821705426 0.6077858880778589
1 0.12248062015503876 0.6270072992700729 0.12031007751937983 0.6282238442822384 0.12077519379844961 0.6328467153284673 0.1254263565891473 0.6328467153284673 0.12589147286821706 0.6223844282238443 0.12294573643410853 0.6211678832116788
0 0.17581395348837212 0.7362530413625304 0.16837209302325581 0.7391727493917275 0.16480620155038758 0.7501216545012166 0.16015503875968992 0.764720194647202 0.16155038759689924 0.7819951338199513 0.16775193798449614 0.8031630170316302 0.19410852713178295 0.8097323600973236 0.1875968992248062 0.7941605839416058 0.18356589147286823 0.7732360097323602 0.18356589147286823 0.7598540145985402 0.18387596899224806 0.7433090024330901
1 0.15503875968992248 0.7591240875912408 0.15441860465116278 0.7518248175182481 0.16031007751937984 0.7367396593673966 0.16279069767441862 0.7335766423357665 0.16031007751937984 0.7313868613138687 0.16542635658914728 0.7257907542579076 0.16542635658914728 0.7309002433090024 0.16604651162790696 0.7394160583941606 0.15922480620155038 0.759367396593674
1 0.32046511627906976 0.5934306569343066 0.331937984496124 0.6043795620437956 0.3438759689922481 0.624574209245742 0.34744186046511627 0.624574209245742 0.34930232558139535 0.6194647201946472 0.34589147286821703 0.6109489051094891 0.3491472868217054 0.6102189781021898 0.35131782945736434 0.6148418491484184 0.36496124031007754 0.6128953771289538 0.36015503875968996 0.6058394160583942 0.3384496124031008 0.6075425790754257 0.3337984496124031 0.6 0.32124031007751935 0.5890510948905109
1 0.3449612403100775 0.6034063260340633 0.3502325581395349 0.6034063260340633 0.3511627906976744 0.6012165450121655 0.3603100775193799 0.6014598540145986 0.3586046511627907 0.5963503649635037 0.3528682170542636 0.5963503649635037 0.349922480620155 0.594647201946472 0.34031007751937986 0.5951338199513382 0.3407751937984496 0.5982968369829684 0.3479069767441861 0.5985401459854015
1 0.25333333333333335 0.7435523114355231 0.25333333333333335 0.7469586374695864 0.26527131782945734 0.7644768856447688 0.2691472868217054 0.7642335766423358 0.26790697674418606 0.7600973236009732 0.2558139534883721 0.7435523114355231 0.25395348837209303 0.7367396593673966 0.24945736434108529 0.7369829683698297 0.2497674418604651 0.740632603406326
1 0.25736434108527134 0.5124087591240876 0.257984496124031 0.5165450121654501 0.26 0.5187347931873479 0.262015503875969 0.51338199513382 0.2648062015503876 0.5182481751824818 0.2663565891472868 0.5126520681265206 0.2683720930232558 0.5092457420924574 0.26666666666666666 0.5043795620437956 0.2634108527131783 0.5087591240875913 0.2587596899224806 0.5092457420924574
1 0.2930232558139535 0.5530413625304137 0.29643410852713176 0.5479318734793187 0.30294573643410855 0.548418491484185 0.3006201550387597 0.554014598540146
