1 0.5648254543689006 0.531863114054895 0.5866740034633996 0.5278488634653019 0.610680433949948 0.5333684580259923 0.6190422243441389 0.531863114054895 0.6260553388682991 0.5328666767022933 0.6476341527887919 0.5323648953785941 0.6672336424042538 0.5273651038652004 0.6940286027178516 0.5218274875809124 0.6964562192839071 0.5268453008179036 0.7266969514682599 0.5170750530580744 0.739883582298899 0.5112900797832306 0.7605772089582167 0.49263618239115053 0.7655084238294843 0.49623664007225654 0.7419084956474241 0.5183613094089653 0.7011138998942107 0.5376551546723263 0.6586932949230446 0.5449094284710724 0.620660635388176 0.5459129911184706
1 0.6134418660191856 0.7066165970275561 0.6245262884770699 0.6838947618885755 0.6301907271311994 0.6923926714028349 0.6285133481300172 0.6997234548845586 0.6347588228200134 0.7226452292735986 0.6287949005180227 0.7383508753371768
1 0.6373169564057491 0.7443998776301031 0.6392878249204994 0.7590960649158014 0.6510135737268181 0.7582235407032544 0.6491374539178072 0.7468807259401449
1 0.6778816461224176 0.6380060505115742 0.6692936262274473 0.6298480573778851 0.6758716840193395 0.653982120398382 0.686469666017388 0.6692783575240491 0.6870178375000456 0.6550018695400932 0.6800743320530483 0.648543458309256
1 0.6728110599078342 0.4579098541758727 0.6656848306332842 0.45625276182059216 0.666491562151159 0.47378064741296566 0.6767655515814573 0.48068141903758344 0.6805418440175436 0.47265291785839736 0.674607670189408 0.4701440112399017
1 0.7710568763587909 0.4814090019569471 0.7854337611333192 0.45857795172863663 0.7878883512167754 0.4605348988910633 0.7791219580615751 0.47684279191128504
1 0.7151554270683709 0.46673995151925135 0.7135493372606775 0.47619047619047616 0.7212718552924738 0.4731546991820965 0.7277454994686218 0.46512619800291044 0.7336796732967572 0.4666315419740078 0.734939336559366 0.45857795172863663 0.7275798953920374 0.45912960144314785
1 0.654639175257732 0.6001304631441617 0.6623536012343082 0.6183953033268101 0.6634055684129322 0.6092628832354859
1 0.657444421067396 0.7912589693411611 0.659197699698436 0.7997390737116764 0.6662108142225962 0.8030006523157207 0.6651588470439722 0.7853881278538811
1 0.6089947631351024 0.5064584112308372 0.6133801349963638 0.5139365716033856 0.6486780279121959 0.5133724722765819 0.6395096423363799 0.5088378258948298
1 0.7160039273441334 0.6379647749510763 0.7169511532019422 0.6465550105471828 0.735289992285574 0.6314416177429876
1 0.8005119573602637 0.40834964122635353 0.8008626130864716 0.41617742987606 0.8082263833368398 0.41682974559686886 0.80997966196788 0.4090019569471624
1 0.636586061095539 0.3253424657534247 0.6416649133880357 0.3339856490541422 0.6448999952491805 0.32368537339814407
1 0.6546757200232425 0.4915020904857405 0.6628982922631077 0.4959210034331555 0.6717950917730721 0.4924635368178393 0.67020724536521 0.4881029266800367
