1 0.43542857142857144 0.4760752688172043 0.43442857142857144 0.4844086021505376 0.4308571428571429 0.49005376344086027 0.434 0.49543010752688177 0.4362857142857143 0.5040322580645161 0.4468571428571429 0.5037634408602151 0.4508571428571429 0.5048387096774194 0.4515714285714286 0.4986559139784946 0.4572857142857143 0.49247311827956985 0.46028571428571424 0.4844086021505376 0.46237882290245635 0.4897770562162066 0.46931574030978346 0.4885533056655189 0.46736473228897263 0.4799870518107046 0.47603587904813166 0.4779474675595584 0.4792875590828161 0.46774954630382715 0.4853573618142274 0.46897329685451494 0.4922756362560224 0.46117800584663393 0.49784706482745095 0.4601027370294296 0.5034184933988795 0.46709198434125754 0.5094184933988796 0.4767694036960963 0.5065613505417367 0.4810704789649135 0.5027142857142857 0.4696236559139785 0.49699999999999994 0.4661290322580645 0.4915714285714286 0.4698924731182796 0.48871428571428577 0.46881720430107526 0.4884285714285714 0.47446236559139787 0.49698992197030806 0.48080166176061245 0.5014184933988796 0.48537155423373074 0.49714285714285716 0.4862903225806452 0.48428571428571426 0.47768817204301073 0.4788571428571428 0.48360215053763445 0.48241849339887943 0.4974683284272791 0.475 0.48897849462365595 0.46814285714285714 0.4922043010752688 0.4634285714285714 0.500268817204301 0.46785714285714286 0.503494623655914 0.47285714285714286 0.5112903225806451 0.4677142857142857 0.5139784946236559 0.4635714285714286 0.507258064516129 0.45942857142857146 0.5083333333333333 0.45813277911316513 0.5130597262767415 0.44956135054173657 0.5162855327283544 0.45313277911316513 0.5208554252014727 0.45270420768459374 0.5267694036960964 0.44570420768459373 0.5275758553089995 0.4471327791131651 0.5321457477821179 0.44241849339887923 0.5369844574595372 0.4389899219703076 0.536178005846634 0.43970420768459334 0.5415543499326555 0.4309899219703075 0.5412855327283544 0.43327563625602183 0.5337586510079243 0.44228571428571434 0.510752688172043 0.43785714285714283 0.5177419354838709 0.43198992197030756 0.5122532746638382 0.43014285714285716 0.49489247311827955 0.42614285714285716 0.48172043010752685 0.4244285714285715 0.46048387096774196 0.43062469733656167 0.46203754328412605 0.43242857142857144 0.4696236559139785
1 0.44285714285714284 0.9540023894862605 0.43984126984126987 0.9566905615292712 0.45158730158730154 0.9680406212664276 0.45492063492063495 0.9656511350059738 0.4479365079365079 0.956989247311828
1 0.4803174603174603 0.9023297491039427 0.47587301587301584 0.9139784946236559 0.4841269841269842 0.9190561529271207 0.4933333333333333 0.927120669056153 0.49682539682539684 0.9199522102747909 0.4888888888888889 0.9175627240143369 0.48301587301587295 0.9121863799283154 0.48428571428571426 0.9020310633213858
1 0.4857142857142857 0.983273596176822 0.4974603174603175 0.9925328554360813 0.5 0.9868578255675029 0.49936507936507935 0.9740143369175627 0.4936507936507936 0.9740143369175627 0.4966666666666667 0.9802867383512546 0.49587301587301585 0.9859617682198327 0.49412698412698414 0.984468339307049 0.4922222222222222 0.9799880525686977
1 0.44936507936507936 0.9160692951015531 0.44746031746031745 0.9232377538829152 0.4492063492063492 0.9381720430107527 0.4512698412698413 0.9244324970131422 0.4533333333333333 0.9160692951015531 0.4576190476190476 0.905615292712067 0.45285714285714285 0.9020310633213858 0.45174603174603173 0.8891875746714456 0.4480952380952381 0.8912783751493428 0.4480952380952381 0.905615292712067 0.4417460317460318 0.9053166069295101 0.44158730158730153 0.910394265232975
1 0.44730158730158726 0.8306451612903226 0.45015873015873015 0.8402031063321386 0.4552380952380953 0.8315412186379928 0.4533333333333333 0.820489844683393 0.4522222222222222 0.8106332138590203 0.456984126984127 0.8055555555555556 0.4514285714285714 0.8028673835125448 0.44650793650793646 0.8103345280764636
1 0.450952380952381 0.7876344086021505 0.45 0.7786738351254481 0.4534920634920635 0.7771804062126642 0.4534920634920635 0.7643369175627239 0.4522222222222222 0.7541816009557945 0.44904761904761903 0.7550776583034648 0.4498412698412699 0.7670250896057347 0.4480952380952381 0.7738948626045401 0.44492063492063494 0.7768817204301075 0.44904761904761903 0.7948028673835126 0.45571428571428574 0.801373954599761
1 0.4480952380952381 0.744026284348865 0.4498412698412699 0.7479091995221028 0.4576190476190476 0.7526881720430108 0.4534920634920635 0.7443249701314218 0.4533333333333333 0.733273596176822 0.4555555555555556 0.7278972520908005 0.45396825396825397 0.7183393070489845 0.45174603174603173 0.7135603345280765 0.4534920634920635 0.705794504181601 0.4531746031746032 0.6974313022700119 0.44952380952380955 0.6977299880525687 0.4496825396825397 0.7040023894862605 0.45 0.709378733572282 0.44650793650793646 0.7087813620071685 0.44603174603174606 0.7138590203106332 0.44971428571428573 0.7198924731182796 0.446 0.7220430107526883 0.44957142857142857 0.7274193548387098 0.4492857142857143 0.7341397849462367
1 0.3462857142857143 0.6809139784946237 0.34700000000000003 0.6889784946236559 0.36742857142857144 0.7051075268817205 0.36957142857142855 0.7021505376344086 0.35942857142857143 0.6903225806451613
1 0.34900000000000003 0.6653225806451613 0.35285714285714287 0.6766129032258065 0.357 0.6739247311827957 0.35728571428571426 0.6688172043010753
1 0.3385714285714286 0.8255376344086022 0.33614285714285713 0.832258064516129 0.34014285714285714 0.8540322580645161 0.34400000000000003 0.8752688172043012 0.34914285714285714 0.8997311827956989 0.3532857142857143 0.9185483870967741 0.35728571428571426 0.9306451612903226 0.36357142857142855 0.956989247311828 0.3712857142857143 0.985752688172043 0.37385714285714283 0.993010752688172 0.3808571428571429 0.9951612903225806 0.37985714285714284 0.9849462365591397 0.37485714285714283 0.9846774193548388 0.3731428571428571 0.9739247311827958 0.3708571428571429 0.9731182795698925 0.3617142857142857 0.9389784946236559 0.35914285714285715 0.9244623655913978 0.36614285714285716 0.928494623655914 0.36028571428571426 0.9166666666666666 0.3575714285714286 0.9150537634408602 0.34885714285714287 0.8827956989247311 0.3568571428571429 0.889516129032258 0.34685714285714286 0.8706989247311827
0 0.4602977667493796 0.627017796632781 0.488656504785537 0.6283518770511486 0.5148883374689825 0.633688198724619 0.5264090747961715 0.6350222791429867 0.5311946118397731 0.6273513167373729 0.5295994328252392 0.6110088316123696 0.5242821694434597 0.5956669068011419 0.5239276852180078 0.5776568211531791 0.49273307337823463 0.5486405720536833 0.45887982984757175 0.5242936044184744 0.44275079758950725 0.5409696096480696 0.44044665012406947 0.5633154566557271 0.4422190712513293 0.6080071506710424 0.44381425026586313 0.6236825955868619
1 0.44618834080717495 0.6473311152900333 0.44939141575912883 0.6437147403442789 0.4492312620115311 0.6397970008197117 0.4429852658552211 0.6361806258739573 0.4441063420884049 0.6301533342977 0.4482703395259449 0.6313587926129515 0.4514734144778988 0.6337697092434543 0.45595771941063423 0.6298519697188871 0.4549967969250481 0.6361806258739573 0.45980140935297886 0.6379888133468344 0.4564381806534273 0.6449201986595303 0.46044202434336967 0.656673417233232 0.4561178731582319 0.656673417233232 0.452914798206278 0.6608925213366121 0.4506726457399103 0.6551665943391678 0.4471492632927611 0.6539611360239163
1 0.42328635490070465 0.5888663870003376 0.4276105060858424 0.5976059597859106 0.43097373478539397 0.5945923139977819 0.4312940422805894 0.6027291576257293 0.43914157591287634 0.6060441679926708 0.4386611146700833 0.5994141472587877 0.435137732222934 0.5927841265249048 0.4335361947469571 0.5861541057910218
0 0.3901098901098901 0.37811650714876516 0.3948194662480376 0.33159045255819447 0.3983516483516483 0.33380597896726927 0.40423861852433274 0.3109122060734964 0.40816326530612246 0.33602150537634407 0.4171899529042386 0.37516247193666546 0.4222919937205652 0.4143034384969869 0.42700156985871274 0.4386742289968096 0.45604395604395603 0.3973177360274135 0.4733124018838304 0.35891527827011693 0.4835164835164835 0.3278979085430698 0.48390894819466246 0.3072196620583717 0.47762951334379905 0.3050041356492969 0.4658555729984301 0.2725097483161999 0.45486656200941916 0.24444641380125248 0.4489795918367347 0.20825948245303086 0.4321036106750393 0.15287132222616093 0.4207221350078493 0.10412974122651543 0.40973312401883827 0.08788254755996691 0.4046310832025118 0.10191421481744062 0.39050235478806905 0.1292390405293631 0.3779434850863422 0.13662412855961242 0.37087912087912084 0.13440860215053763 0.3555729984301413 0.18167316554413326 0.3516483516483516 0.23484579936192837 0.36538461538461536 0.26143211627082596 0.37637362637362637 0.26364764267990076 0.3771585557299843 0.2909724683918232 0.37833594976452123 0.32346685572492023
