0 0.24959023857220908 0.98258138206739 0.24503733381897652 0.836950314106225 0.24594791476962305 0.7341519131924614 0.24867965762156258 0.5742432895488292 0.2559643052267347 0.45431182181610513 0.24048442906574397 0.2772701313535122 0.23228920050992538 0.1430611079383209 0.2359315243125114 0.011707595659623048 0.3024039337097068 0.017418617932609893 0.30331451466035336 0.05739577384351794 0.313330905117465 0.0688178183894917 0.32698961937716264 0.05739577384351794 0.348843562192679 0.08309537407195884 0.3379165907849208 0.22301541976013706 0.39710435257694415 0.19731581953169613 0.5218539428155163 0.1487721302113078 0.6092697140775816 0.13163906339234718 0.6329448187943909 0.2858366647629925 0.6129120378801677 0.5285551113649343 0.5701147331997815 0.7398629354654483 0.46266618102349305 0.8769274700171331 0.3763803579410937 0.9951456310679612
0 0.8105081041704606 0.014563106796116436 0.8250773993808049 0.04882924043403764 0.8150610089236933 0.16876070816676178 0.7932070661081769 0.3600799543118217 0.8278091422327445 0.33723586521987436 0.8423784374430886 0.20017133066818954 0.8642323802586049 0.011707595659623048
0 0.2297456299684519 0.7690888545534211 0.2297456299684519 0.8555681110624265 0.23011332298890302 0.9051495514609229 0.2334225601729628 0.9604962756266863 0.2356287182956693 0.9927818647233817 0.0488406639065177 0.9951456310679612 0.09369921240155016 0.9178331757489104 0.15841318400094126 0.8325069759933584 0.18341630939161507 0.800221386896663
1 0.21750442683278368 0.40256043014287224 0.2096428210436469 0.42545285920569137 0.21825315119365382 0.45715006867728714 0.22311985953930993 0.43777955177797867
1 0.6436909285437541 0.6141807764760959 0.6515108430223258 0.6219834360683513 0.6703497279025211 0.5946741274954577 0.7055393430560937 0.5344821820694882 0.7389517049190816 0.47094623967540933 0.7528142805856405 0.43416227302620575 0.7707645388205436 0.39459164223691096 0.7798285306025244 0.3867889826446557 0.7830275865255765 0.39459164223691096 0.7910252263332065 0.3761996589123092 0.7883593463973299 0.36728233366401747 0.7819612345512257 0.37508499325627276 0.7698759121752514 0.3834449856765463 0.732731318402036 0.47150357250342756 0.7005630338424571 0.5305808522733606 0.6628852640820664 0.5891007992152754 0.6593307575008975 0.5891007992152754 0.653998997629144 0.602476787087713 0.6529326456547934 0.6080501153678953
1 0.5944610123945644 0.6342447582847525 0.5981932443047918 0.6186394391002419 0.6474231604539815 0.5612341578143635 0.6573757788812546 0.5478581699419258 0.6596862081590144 0.5595621593303088 0.6468899844668062 0.5707088158906736
1 0.6268070222832017 0.3817729871924916 0.6253852196507342 0.40573829879727574 0.6333828594583643 0.39682097354898394 0.6555985255906701 0.38010098870843684 0.68421230356908 0.3561356771036527 0.6819018742913202 0.3500050159954521 0.6465345338086893 0.3789863230524004 0.6310724301806045 0.38511698416060103
1 0.5830865913348239 0.6916500395706306 0.5756221275143691 0.7262046749077614 0.5939278364073891 0.7011246976469407 0.6401364219625852 0.6370314224248437 0.6380037180138839 0.6230981017243876 0.6316056061677798 0.6230981017243876 0.6204089104370977 0.6292287628325882 0.6140107985909936 0.6364740895968254 0.6138330732619351 0.6576527370615184 0.6095676653645323 0.6648980638257553 0.6028141028603115 0.6582100698895367 0.6005036735825516 0.6704713921059378 0.589129252522811 0.6788313845262114
1 0.7082052229919703 0.22627712817540374 0.7101602016116132 0.2407677817038779 0.7096270256244379 0.2703064215888444 0.7124706308893731 0.2625037619965891 0.7140701588508991 0.23686645190775024 0.7130038068765484 0.2207037998952214
1 0.7303405572755418 0.20825242718446602 0.7280185758513932 0.22135922330097088 0.7297213622291021 0.23155339805825245 0.7342105263157895 0.21553398058252426 0.7349845201238391 0.2053398058252427
1 0.5453560371517028 0.8907766990291263 0.5422600619195047 0.9087378640776699 0.5388544891640867 0.9116504854368933 0.5388544891640867 0.9242718446601942 0.536687306501548 0.9325242718446601 0.538235294117647 0.937378640776699 0.5430340557275541 0.9300970873786407 0.5506191950464396 0.9140776699029127 0.5470588235294117 0.9092233009708739 0.5507739938080496 0.8975728155339806 0.5476780185758514 0.8839805825242718
1 0.5630030959752321 0.8888349514563106 0.5687306501547987 0.874757281553398 0.5722910216718267 0.8504854368932039 0.569969040247678 0.8514563106796117 0.5622291021671827 0.8796116504854369
1 0.5037151702786378 0.9475728155339805 0.5072755417956656 0.9485436893203884 0.5063467492260062 0.9563106796116505 0.503405572755418 0.9567961165048543
