1 0.5639097744360902 0.34673149038008555 0.5950422932330827 0.3589801571598168 0.584468984962406 0.3731132342133529 0.5821193609022556 0.43341436297510694 0.5862312030075187 0.4503740554393503 0.5793027638190954 0.4760645331922772 0.6554648241206029 0.45339479351645445 0.6602443609022556 0.4607383119452767 0.5827067669172932 0.48617785064164165 0.5793027638190954 0.5251823024898931 0.5667399497487436 0.5453331822017355 0.5800879396984924 0.5604463419856173 0.5588881909547738 0.6309744209770658 0.5447550251256281 0.6322338509590559 0.551036432160804 0.5818566516794499 0.5431846733668342 0.557927482021637 0.5392587939698492 0.4861399730481984 0.5502512562814069 0.3803478545610257 0.5321922110552764 0.3652346947771439
1 0.531742125984252 0.13886093185720205 0.5133479899497486 0.13853729801891662 0.513533464566929 0.14557061946204095 0.5324803149606299 0.1471493694867089
1 0.5250984251968503 0.16569968227655754 0.5211997487437185 0.1624664676767295 0.5364173228346456 0.15898999467171868 0.5683103015075377 0.1624664676767295 0.5634842519685039 0.16569968227655754 0.5381397637795275 0.16569968227655754
1 0.30421875 0.6827067669172932 0.3359375 0.681704260651629 0.3271875 0.6691729323308271 0.34234375 0.674436090225564 0.3516017587939698 0.6599413105628392 0.3540800415800415 0.6648638227585595 0.34758316008316004 0.6789322578796262 0.39109375 0.7105263157894737 0.39078124999999997 0.7145363408521304 0.34271049896049893 0.6872691083217398 0.31 0.6904761904761905
1 0.27465452261306533 0.807294618455687 0.2733370822622108 0.8172745488399663 0.28679305912596403 0.8375695021615736 0.2832914572864321 0.8211483482575785
1 0.30763190954773867 0.8803415574111157 0.30600311850311845 0.8878745720850982 0.31412422037422033 0.8967324756798439 0.32289501039501034 0.9154903891745996 0.3277676715176715 0.9113219639535427 0.3183471933471933 0.891521944153523
1 0.42406728316326536 0.6393534857552043 0.4228714923469388 0.6125006393534858 0.4272560586734694 0.5894839138662984 0.431640625 0.5434504628919237 0.4388153698979592 0.5102040816326531 0.44479432397959184 0.4846299422024449 0.4368223852040816 0.4833512352309345 0.4224728954081633 0.4986957188890594 0.4097177933673469 0.5089253746611427 0.40798611111111105 0.533772374197906 0.4042922576832151 0.5559910414333706 0.3998596335697399 0.610500838384377 0.3824985224586288 0.6795268312625535 0.3808362884160756 0.674194351126042 0.3871158392434988 0.6395332302387173 0.39487293144208035 0.6119820828667413 0.3981973995271867 0.5817646954265095 0.4005984042553191 0.5601385259839906 0.40613918439716307 0.5239961606143017 0.4070626477541371 0.5109612091694958 0.4005984042553191 0.5162936893060073 0.39949024822695034 0.5091837157906587 0.4085401891252955 0.5011849955858914 0.41260342789598103 0.47689258607511686 0.41555851063829785 0.4804475728327912 0.4122340425531914 0.4991112533105814 0.42331560283687936 0.491408782002287 0.43421247044917255 0.4798550750398455 0.44400118203309685 0.47126385704213253 0.4560062056737588 0.47037511035271395 0.4410460992907801 0.5242924095107746 0.44880319148936165 0.5251811562001931 0.4582225177304964 0.5251811562001931 0.461362293144208 0.5269586495790303 0.4687499999999999 0.5269586495790303 0.4768764775413711 0.4730413504209697 0.4768764775413711 0.46415388352678383 0.48112440898345155 0.47393009711038825 0.4722591607565011 0.5349573697837975 0.4670877659574468 0.5660635039134478 0.4633939125295508 0.5607310237769364 0.4670877659574468 0.5388086054379447 0.4676418439716311 0.5319948808190689 0.4419695626477541 0.5314023830261232 0.4382757092198581 0.5429560899885648 0.4358747044917258 0.5625085171557735 0.4436317966903073 0.5699147395675951 0.4591459810874704 0.5699147395675951 0.4813091016548463 0.5702109884640679 0.4877733451536643 0.5719884818429051 0.47632239952718675 0.5749509708076337 0.47022754137115835 0.5779134597723623 0.4484338061465721 0.5770247130829438 0.4375369385342789 0.5713959840499594 0.4364287825059101 0.5876896733559668 0.4329196217494089 0.6113895850737956
1 0.4489878841607564 0.648716946029376 0.4598847517730496 0.6499019416152675 0.46357860520094557 0.6531606794764689 0.4759530141843971 0.6546419239588331 0.4805703309692671 0.6507906883046861 0.47835401891252954 0.6484206971329032 0.46394799054373514 0.6481244482364303 0.4609929078014184 0.6451619592717017 0.4491725768321513 0.6457544570646474
1 0.4676418439716311 0.6457544570646474 0.4707816193853428 0.6457544570646474 0.4750295508274231 0.6339045012057329 0.4766917848699763 0.6193883052785628 0.48001625295508266 0.6066496027302298 0.48278664302600466 0.5909484112171682 0.48075502364066186 0.5817646954265095 0.47835401891252954 0.5959846424572068 0.4753989361702128 0.6113895850737956 0.47170508274231676 0.6288682699656943
1 0.48278664302600466 0.5639897616381379 0.48352541371158386 0.5503623124003862 0.4886968085106383 0.5278473962684489 0.4892508865248226 0.5157011915130616 0.4929447399527186 0.49881500441410853 0.49239066193853426 0.4902237864163956 0.4958998226950354 0.48133631952220973 0.4992242907801418 0.48874254193403127 0.49608451536643017 0.5032587378612015 0.48998965721040183 0.5373273609555804 0.48555703309692666 0.5622122682593007
1 0.46505614657210403 0.6581969107165077 0.4630245271867611 0.6599744040953448 0.461362293144208 0.6744906000225148 0.4678265366430259 0.6691581198860034 0.46893469267139476 0.6576044129235618
1 0.4430777186761229 0.6679731243001119 0.43882978723404253 0.6777493378837163 0.4436317966903073 0.6810080757449178 0.4465868794326241 0.6783418356766621 0.4456634160756501 0.6697506176789491
1 0.35848577235772355 0.6573038286773845 0.3622967479674796 0.6446706196385272 0.3622967479674796 0.627962181877458 0.36686991869918695 0.607993561138619 0.3597560975609756 0.6157364957108219 0.35823170731707316 0.6308148419830063 0.35619918699186986 0.6491533712329605
1 0.36661585365853655 0.5982130122053101 0.3724593495934959 0.5757992542331439 0.3734756097560975 0.5594983393442958 0.37906504065040647 0.5623509994498442 0.3810975609756097 0.5521629276443141 0.3810975609756097 0.5407522872221204 0.3760162601626016 0.5403447643498992 0.3757621951219512 0.5313792611610327 0.37957317073170727 0.507742934572203 0.385670731707317 0.48206899362226713 0.3775406504065041 0.4808464250056035 0.37703252032520324 0.48981192819447 0.37398373983739835 0.5097805489333089 0.3706808943089431 0.5452350388165537
1 0.316875 0.575689223057644 0.316875 0.5847117794486216 0.31875 0.5859649122807018 0.315625 0.5919799498746867 0.31843750000000004 0.5952380952380952 0.32328125 0.5884711779448621 0.32406250000000003 0.5847117794486216 0.32140625 0.5832080200501253 0.3203125 0.57468671679198
1 0.301875 0.6553884711779449 0.30874999999999997 0.662406015037594 0.31015625 0.6588972431077693 0.30843750000000003 0.6531328320802006
1 0.588879048582996 0.5616267389120574 0.592990890688259 0.5682221748703743 0.6138663967611336 0.5641634450498716 0.6470774291497976 0.5601047152293689 0.6780743927125505 0.5550313029537406 0.7163461538461539 0.5524945968159264 0.7369053643724696 0.5514799143608007 0.7811867408906882 0.5484358669954237 0.8431806680161943 0.5494505494505494 0.8646887651821862 0.5479285257678609 0.8646887651821862 0.5443771371749211 0.8441295546558705 0.5443771371749211 0.7587297570850202 0.5458991608576096 0.7002150809716599 0.5494505494505494 0.6144989878542509 0.5580753503191176
1 0.6793395748987854 0.5108926161557741 0.71765625 0.5017543859649123 0.73375 0.49799498746867166 0.7809375000000001 0.48696741854636594 0.866875 0.47067669172932336 0.8546875 0.4649122807017544 0.80796875 0.47443609022556393 0.7578125 0.4867167919799498 0.7173437500000001 0.49674185463659143 0.6784375 0.506516290726817
1 0.34140625 0.8481203007518796 0.346875 0.8506265664160401 0.3578125 0.8418546365914786 0.36234375 0.8358395989974937 0.37890625 0.8293233082706767 0.375 0.8223057644110277 0.36046875 0.8288220551378446 0.3525 0.8390977443609022
1 0.505625 0.762907268170426 0.51328125 0.7649122807017543 0.5248437499999999 0.7636591478696741 0.5353125000000001 0.7601503759398497 0.5478125 0.7568922305764411 0.5390625 0.7528822055137844 0.525625 0.7576441102756892 0.5146875 0.756641604010025 0.5078125 0.7583959899749374
1 0.7692187500000001 0.6491228070175439 0.78734375 0.638095238095238 0.80765625 0.6278195488721805 0.8300000000000001 0.6157894736842106 0.84609375 0.6085213032581454 0.8525 0.6052631578947368 0.8529687499999999 0.5954887218045113 0.849375 0.6017543859649123 0.8282812500000001 0.612280701754386 0.8026562500000001 0.6255639097744361 0.78046875 0.6385964912280702 0.77078125 0.6446115288220551
1 0.686875 0.6142857142857143 0.7006249999999999 0.6150375939849624 0.70921875 0.6120300751879699 0.72765625 0.612280701754386 0.74296875 0.6120300751879699 0.7620312499999999 0.6100250626566416 0.7578125 0.606015037593985 0.7428125 0.6070175438596491 0.72875 0.6070175438596491 0.71671875 0.6067669172932331 0.70765625 0.6072681704260652 0.7 0.6100250626566416 0.69078125 0.6107769423558896
1 0.6834446564885496 0.4604386283775596 0.6880168575063613 0.4645838514862219 0.6975588422391857 0.4649027148022728 0.6995467557251909 0.4620329449578144 0.7065044529262086 0.4623518082738653 0.7124681933842238 0.4582065851652031 0.7444736005089058 0.43716160630584094 0.7488470101781171 0.4320597932490258 0.7647503180661578 0.42504480029590513 0.7826415394402035 0.4173920807106825 0.815640903307888 0.4081450445452053 0.8444656488549619 0.4027243681723392 0.884422709923664 0.403999821436543 0.8796517175572518 0.39762255511552413 0.8579834605597965 0.3953905119031676 0.8311466284987278 0.3953905119031676 0.8136529898218828 0.3969848284834223 0.7884064885496183 0.409420497809409 0.7754850508905852 0.40910163449335807 0.7723043893129771 0.414841174182275 0.7625636132315521 0.41611662744647876 0.7408953562340967 0.42823343345641457 0.7196246819338422 0.4419445560466051 0.6888120229007633 0.45310477210838795
1 0.052031249999999994 0.7408521303258145 0.05796875 0.7526315789473684 0.06640625 0.7709273182957393 0.07390624999999999 0.7899749373433583 0.073125 0.7756892230576441 0.06609374999999999 0.7606516290726817 0.062343749999999996 0.749624060150376
1 0.11015625 0.7348370927318295 0.10953125 0.7390977443609023 0.1203125 0.7669172932330827 0.1296875 0.7867167919799498 0.1375 0.8015037593984963 0.143125 0.8017543859649122 0.13515625 0.7894736842105263 0.12234375 0.7641604010025063 0.11453125 0.7423558897243108
1 0.10578125000000001 0.8117794486215538 0.11156250000000001 0.819047619047619 0.11109374999999999 0.806265664160401 0.11203125 0.7977443609022556 0.11140625 0.7909774436090227 0.115625 0.7832080200501254 0.1140625 0.7744360902255639 0.11140625 0.7809523809523811 0.10718749999999999 0.78796992481203 0.10828125 0.7962406015037594
1 0.2728125 0.87468671679198 0.27765625 0.8842105263157894 0.2846875 0.8902255639097744 0.2865625 0.893984962406015 0.28828125 0.8984962406015038 0.29078125 0.8944862155388471 0.28765625 0.8894736842105263 0.28015625 0.881954887218045
1 0.29265625 0.9042606516290728 0.29453125 0.9092731829573936 0.29828125 0.9072681704260651 0.3 0.9025062656641605 0.29515625 0.9005012531328321
1 0.2821875 0.9020050125313283 0.2846875 0.9067669172932331 0.28890625000000003 0.9045112781954887 0.28609375 0.899248120300752 0.28328125000000004 0.8979949874686717
0 0.14750466417910446 0.6507967680395017 0.1390508395522388 0.6175980997269294 0.1259328358208955 0.5759828676168033 0.09286032028469751 0.5797411678662849 0.10008896797153025 0.6573372934114646 0.1239991103202847 0.7233385955993187 0.1506895017793594 0.7786369839188719 0.20073398576512455 0.8312596437713501 0.22631227758007116 0.8375030101945254 0.23522167487684728 0.8761456185620043 0.24243772241992884 0.8856661226018784 0.2375307881773399 0.8683263989201246 0.23187277580071175 0.8375030101945254 0.2228125 0.8215538847117795 0.22265625 0.8102756892230577 0.22890625 0.8055137844611528 0.23312499999999997 0.8012531328320802 0.21352313167259784 0.7822046218749721 0.19350533807829182 0.7625826131164208 0.16625889679715303 0.7179871386651683 0.14902135231316727 0.6635806598346399
