1 0.17101372523059272 0.2798680787811223 0.17836915427276873 0.272900408769974 0.22985715756800093 0.23283630620587145 0.2692087029436427 0.20612690449646975 0.3221677920473101 0.1741917502787068 0.34276299336540306 0.1689659977703456 0.3092957912235021 0.18754645113340768 0.2739897318210572 0.21077201783723523 0.22838607175956577 0.2409652545522111 0.17984024008120394 0.2775455221107395
1 0.16046343828213666 0.32808643440288593 0.1627182466610046 0.33342628631099297 0.17248908296943233 0.3266031422061895 0.18413892626025 0.31889002278336814 0.1939097625686777 0.30850697740649324 0.18451472765672797 0.31236353711790393 0.16816736690993545 0.3230432409341181
1 0.22013769363166955 0.3918478260869565 0.2951765654751511 0.34262759924385633 0.31818093630560895 0.3277497724567668 0.3450655624568668 0.315059861373661 0.3647160068846816 0.31277173913043477 0.36265060240963853 0.31820652173913044 0.35144026762675273 0.31987327592242526 0.33619640743789514 0.32512427361198626 0.3072289156626506 0.33994565217391304 0.22220309810671254 0.3953804347826087
1 0.24251290877796902 0.3633152173913043 0.25197934595524957 0.358695652173913 0.26041308089500864 0.3516304347826087 0.2573149741824441 0.34945652173913044 0.24905335628227193 0.35516304347826083 0.24268502581755594 0.35788043478260867
1 0.31411359724612736 0.43070652173913043 0.3065404475043029 0.44021739130434784 0.31669535283993117 0.4345108695652174 0.32598967297762477 0.4296195652173913 0.3419965576592082 0.42173913043478256 0.3598967297762478 0.4146739130434782 0.36540447504302925 0.4182065217391305 0.37056798623063686 0.4114130434782609 0.36179001721170395 0.40896739130434784 0.3444061962134251 0.414945652173913 0.32495697074010327 0.4236413043478261
1 0.3817232323637312 0.7251681979309845 0.3865917675933112 0.7314982275916949 0.3843006921911559 0.7405411271069956 0.34506602592924585 0.762696230919482 0.3487091222030981 0.7657608695652174 0.3855421686746988 0.7456521739130434 0.39890629787989607 0.747775446719236 0.4008605851979346 0.7559782608695652 0.4208261617900172 0.7505434782608695 0.4378545797165367 0.7482275916950011 0.44100480839450035 0.7428018519858207 0.4484508034515051 0.7369239673008754 0.4424367305208474 0.7342110974462852 0.43614457831325304 0.7407608695652175 0.41910499139414803 0.7445652173913043 0.4223752151462995 0.7399456521739131 0.43390705679862307 0.7366847826086957 0.4387263339070568 0.7320652173913043 0.42771084337349397 0.7301630434782609 0.41669535283993114 0.7358695652173913 0.4161790017211704 0.7312500000000001 0.41927710843373495 0.7269021739130435 0.4179001721170396 0.7233695652173913 0.41084337349397587 0.721195652173913 0.41772805507745264 0.7179347826086956 0.41549053356282273 0.7141304347826087 0.4053356282271945 0.7149456521739131 0.39070567986230637 0.7214673913043478 0.3858864027538726 0.71875
1 0.43924268502581754 0.7535326086956522 0.4370051635111876 0.758695652173913 0.4423407917383821 0.7603260869565218 0.4452667814113597 0.7663043478260869 0.44681583476764203 0.7698369565217391 0.4395869191049914 0.7706521739130435 0.44130808950086053 0.775 0.448881239242685 0.7752717391304348 0.45197934595524963 0.7817934782608695 0.4487091222030981 0.7853260869565217 0.46006884681583476 0.7864130434782608 0.46454388984509465 0.8043478260869565 0.47332185886402756 0.8228260869565218 0.4987951807228916 0.8116847826086956 0.4724612736660929 0.8154891304347827 0.47624784853700514 0.8067934782608696 0.46798623063683303 0.8048913043478261 0.472289156626506 0.7978260869565218 0.46523235800344237 0.7956521739130435 0.46144578313253015 0.7828804347826087 0.4569707401032702 0.7771739130434783 0.4533562822719449 0.778804347826087 0.45146299483648883 0.7733695652173914 0.45679862306368324 0.7714673913043477 0.448881239242685 0.7668478260869565 0.44664371772805506 0.7546195652173913
1 0.47366609294320133 0.9736413043478261 0.47796901893287436 0.9747282608695652 0.491566265060241 0.9684782608695651 0.5010327022375215 0.9641304347826087 0.5108433734939759 0.9565217391304348 0.5099827882960414 0.9505434782608696 0.5005163511187608 0.9554347826086957 0.48881239242685026 0.9641304347826087
1 0.4528399311531842 0.9404891304347827 0.459552495697074 0.9394021739130435 0.47022375215146295 0.9372282608695651 0.4709122203098107 0.9423913043478261 0.46265060240963857 0.9442934782608695 0.461617900172117 0.9489130434782609 0.47401032702237517 0.9475543478260869 0.4731497418244406 0.9546195652173913 0.4667814113597246 0.9543478260869565 0.46695352839931153 0.9638586956521739 0.46196213425129085 0.9638586956521739 0.46144578313253015 0.971195652173913 0.45731497418244405 0.9676630434782609 0.45404475043029263 0.9695652173913044 0.4555938037865748 0.9858695652173913 0.4376936316695353 0.9896739130434782 0.4238783706253585 0.9972826086956522 0.4160068846815835 0.9972826086956522 0.41049913941480204 0.9883152173913043 0.40619621342512907 0.9769021739130435 0.4218588640275387 0.9698369565217391 0.43287435456110157 0.9676630434782609 0.4440619621342513 0.9660326086956522 0.4456110154905335 0.9540760869565218 0.45266781411359724 0.9497282608695652
1 0.4812392426850259 0.935054347826087 0.4865748709122203 0.9391304347826087 0.48898450946643723 0.936141304347826 0.49982788296041303 0.9328804347826087 0.4987951807228916 0.9258152173913043 0.49087779690189326 0.9296195652173914
1 0.39604130808950083 0.944836956521739 0.41204819277108434 0.9355978260869565 0.4263339070567986 0.9285326086956521 0.4416523235800345 0.9269021739130435 0.44939759036144583 0.9206521739130435 0.459552495697074 0.9184782608695652 0.46746987951807234 0.9078804347826087 0.4771084337349397 0.8937499999999999 0.48709122203098104 0.8839673913043479 0.48158347676419966 0.8828804347826086 0.4655765920826162 0.9013586956521739 0.45869191049913943 0.9111413043478261 0.44853700516351125 0.9127717391304347 0.4452667814113597 0.9160326086956523 0.4368330464716007 0.9176630434782609 0.4225473321858864 0.920108695652174 0.4032702237521515 0.928804347826087 0.3889845094664372 0.9366847826086956
1 0.372289156626506 0.9021739130434783 0.37728055077452666 0.90625 0.3812392426850258 0.9019021739130434 0.39604130808950083 0.8937499999999999 0.414974182444062 0.8855978260869565 0.43132530120481927 0.8817934782608695 0.4249569707401033 0.8875000000000001 0.43115318416523235 0.8877717391304347 0.4242685025817556 0.8953804347826086 0.4263339070567986 0.8991847826086956 0.4428571428571429 0.897554347826087 0.4428571428571429 0.8918478260869565 0.43356282271944924 0.8894021739130435 0.4475043029259897 0.8850543478260869 0.43666092943201373 0.88125 0.43580034423407915 0.8747282608695651 0.4125645438898451 0.8798913043478261 0.39328743545611017 0.8877717391304347
1 0.3669535283993115 0.8842391304347825 0.3698795180722892 0.8918478260869565 0.3733218588640275 0.8883152173913043 0.3733218588640275 0.8826086956521739
1 0.3984509466437177 0.8722826086956522 0.40154905335628227 0.8747282608695651 0.4077452667814114 0.8701086956521739 0.4235800344234079 0.8641304347826086 0.4368330464716007 0.8638586956521739 0.43407917383821 0.8573369565217391 0.4204819277108434 0.8586956521739131 0.40499139414802066 0.8654891304347826
1 0.3588640275387263 0.8690217391304348 0.3614457831325301 0.8720108695652173 0.36884681583476764 0.8698369565217392 0.37125645438898447 0.8614130434782609
1 0.28369156255364164 0.7199182585257237 0.28369156255364164 0.7283414391187157 0.29227421816646637 0.720650709012071 0.31686236667888346 0.7052692487987812 0.3337957142393216 0.6946487167467479 0.3567601170952582 0.6821970584788468 0.37090990067315854 0.6767036798312434 0.3866834299075393 0.6752387788585491 0.3848277205858474 0.6693791749677721 0.36743044569498634 0.6715765264268135 0.34794549781722195 0.6803659322629789
1 0.3395948058696086 0.7081990507441698 0.34516193383468413 0.7089315012305168 0.35903614457831323 0.7019021739130435 0.3698795180722892 0.6970108695652174 0.38575557524669335 0.6939162662604008 0.38065237461204077 0.6895215633423181 0.3640275387263339 0.6932065217391304
1 0.10625177876861777 0.42789284491612456 0.1157385447301015 0.42960458747004443 0.12468320977950045 0.4248972954467648 0.13118842072451786 0.4266090380006847 0.16208817271335058 0.4043563847997261 0.16669603046607123 0.40136083533036626 0.16886443411441038 0.4176223895926052 0.196240530174692 0.3987932214994865 0.20952200252076922 0.38638308798356724 0.19732473199886158 0.3705494693598083 0.18485641102091152 0.358567271482369 0.17564069551547018 0.3705494693598083 0.18702481466925067 0.37825231085244776 0.16588287909794405 0.39579767203012667 0.16805128274628323 0.3833875385142074 0.16181712225730818 0.3825316672372475 0.15883556724084186 0.39194625128380695 0.13877783349370484 0.406068127353646
1 0.13118842072451786 0.4574204039712427 0.13552522802119613 0.4612718247175625 0.1542277094881212 0.44886169120164326 0.1856695623890387 0.42703697363916465 0.21765351620204101 0.40136083533036626 0.21358775936140512 0.3966535433070866 0.1745564936913006 0.42703697363916465
1 0.2710242535278447 0.5402675944519685 0.27490659276664736 0.5417269882781488 0.28378051102676777 0.5341381403820109 0.2867384837801412 0.5440620184000373 0.291730062801459 0.5323868677905945 0.3011586009528369 0.522462989772568 0.31446947834301764 0.5207117171811516 0.30984764591587155 0.5131228692850137 0.2920998093956307 0.5207117171811516 0.2854443707005404 0.5268411712511092
1 0.29191493609854485 0.5522346238266473 0.30152834754700863 0.5481483211133423 0.3087384061333565 0.5434782608695652 0.31872156417599196 0.5338462616167748 0.3216795369293654 0.5414351095129127 0.3135451118575884 0.5478564423481063 0.3037468271120387 0.5536940176528277
1 0.5156279379221568 0.9175039581049811 0.5168332393198243 0.9296827426622822 0.5245471682648963 0.9304439166971136 0.5300915546941667 0.9273992205577883 0.5293683738555662 0.9148398489830715
1 0.5395038547648989 0.9893439223149368 0.5452667814113598 0.991304347826087 0.551480573568927 0.9878190113697359 0.5646163296765707 0.9798894744546919 0.5475043029259897 0.9831521739130435
1 0.5006884681583477 0.748641304347826 0.4974182444061962 0.7584239130434783 0.5 0.7690217391304348 0.5067125645438898 0.7785326086956522 0.5149741824440619 0.7801630434782609 0.5242685025817556 0.7736413043478261 0.5273666092943201 0.7671195652173913 0.5220309810671256 0.7630434782608696 0.5239242685025817 0.7597826086956523 0.5313253012048192 0.7578804347826086 0.5294320137693632 0.7519021739130435 0.5385542168674698 0.7440217391304348 0.536144578313253 0.7380434782608696 0.5234079173838211 0.7423913043478261 0.5089500860585198 0.7434782608695653 0.5070567986230637 0.7510869565217391 0.5024096385542168 0.7472826086956522
1 0.17022375215146301 0.5331521739130435 0.1812392426850258 0.5309782608695652 0.2051635111876076 0.5116847826086957 0.2 0.5111413043478261
1 0.0002952264829964307 0.23025579834439555 0.019189721394767996 0.24703557312252963 0.01325301204819277 0.23505434782608695 0.004302925989672977 0.22771739130434782 0.007573149741824442 0.2230978260869565 0.012908777969018933 0.2220108695652174 0.015662650602409636 0.22989130434782606 0.02125630677574301 0.23118800805429188 0.031294007197621654 0.22885748377955106 0.027751289401664485 0.23445074203892907 0.08532045358596847 0.21860317697069132 0.08443477413697918 0.2144082332761578 0.0351118760757315 0.22717391304347825 0.031841652323580036 0.2220108695652174 0.023407917383820996 0.22255434782608696 0.019793459552495698 0.22445652173913042 0.01790017211703959 0.21168478260869567 0.007573149741824442 0.21413043478260868
1 0.3323580034423408 0.28695652173913044 0.34061962134251295 0.28152173913043477 0.35370051635111877 0.2793478260869565 0.35456110154905335 0.28505434782608696 0.3567986230636833 0.2910326086956522 0.33304647160068845 0.29891304347826086 0.2991394148020654 0.31657608695652173 0.30068846815834765 0.3111413043478261 0.3301204819277109 0.29483695652173914
1 0.27216303229446714 0.9281949934123849 0.27880115503335656 0.9162175110791712 0.2944481586321674 0.9049886213917836 0.2987155232500249 0.8960055096418733 0.30695110319601976 0.8934645453298586 0.32251584074015754 0.8826064097288895 0.35111152134450374 0.8668906871485392 0.33898550488569873 0.8828921501394413 0.3312031361136298 0.8866067754766149 0.3308411654730685 0.8943217665615143 0.3462249176969256 0.8926073240982033 0.3351848131598046 0.9034654596991725 0.29410114545609206 0.9274676541855256 0.28668074732458454 0.9397544918392539 0.2886715858476719 0.9440405979975313 0.34912068282141634 0.9080373062680016 0.3574460075543273 0.9080373062680016 0.34495802045496093 0.9197526631006262 0.35364531582843317 0.9214671055639372 0.3532833451878718 0.9294678370593883 0.3397094461668214 0.9308965391121474 0.33047919483250715 0.9257532117222146 0.29410114545609206 0.947469482924153 0.2973588812211442 0.9591848397567777 0.3006166169861963 0.9709001965894025 0.30731307383658113 0.9794724089059571 0.31600036921005337 0.973186119873817 0.35237841858646846 0.949183925387464 0.37264877445790373 0.9388972706075984 0.37934523130828857 0.9494696657980157 0.3625135965221861 0.9628994650939514 0.3534643305081525 0.9597563205778813 0.3248686499038063 0.9754720431582315 0.31165672152331725 0.9874731404014081 0.3118377068435979 0.9963310931285146 0.2984447931428282 0.9966168335390664
1 0.3729776247848537 0.9907608695652175 0.3865748709122203 0.9798913043478261 0.3864027538726334 0.9902173913043477 0.39793459552495697 0.9853260869565218 0.4034423407917384 0.9847826086956522 0.4046471600688468 0.9959239130434783 0.382960413080895 0.9964673913043478 0.382960413080895 0.9907608695652175
