0 0.03322259136212624 0.8005226480836236 0.049280177187153926 0.7813588850174216 0.07862679955703211 0.7822299651567943 0.12679955703211515 0.7874564459930313 0.1583610188261351 0.808362369337979 0.1733111849390919 0.8440766550522648 0.16445182724252488 0.8850174216027874 0.11295681063122923 0.8806620209059233 0.050387596899224806 0.8684668989547037 0.03433001107419712 0.8405923344947734
1 0.6068115389503114 0.8090097294415567 0.5985512771635532 0.8023457283753165 0.5924090312195535 0.7890177262428362 0.6027873088490702 0.7930161268825803 0.607235142118863 0.7900173264027721 0.6102003642987249 0.786018925763028 0.6246028720294827 0.7980141276822603 0.6347693480747235 0.8040117286418765 0.6438768161985852 0.8050113288018126 0.6551023001652052 0.8206717313074771 0.6620917524463082 0.824003731840597 0.6661159825475494 0.821338131414101 0.6692930063116872 0.8246701319472212 0.6758588554242385 0.825336532053845 0.6760706570085143 0.8300013328002132 0.6856017283009277 0.8356657337065173 0.6830601092896175 0.8409969345595095 0.6574321175922396 0.8300013328002132 0.648324649468378 0.8303345328535253 0.6445122209514127 0.817339730774357 0.6351929512432752 0.8126749300279889 0.6277798957936206 0.8136745301879248 0.6099885627144491 0.7990137278421965 0.6093531579616216 0.8023457283753165 0.6148599991527937 0.8070105291216847
1 0.6493836573897572 0.7983473277355724 0.6701402126487906 0.8136745301879248 0.6703520142330665 0.819005731040917 0.6824247045367899 0.8226709316273491 0.6800948871097555 0.8263361322137812 0.6898377599864446 0.8300013328002132 0.7000042360316855 0.8353325336532054 0.7082644978184436 0.8409969345595095 0.7338924895158215 0.8509929361588697 0.7457533782352692 0.8569905371184859 0.747447790909476 0.8516593362654937 0.73601050535858 0.8456617353058776 0.7137713390096158 0.8280021324803412 0.713347735841064 0.822004531520725 0.6991570296945822 0.8143409302945488 0.6968272122675477 0.8163401306144208 0.6991570296945822 0.821671331467413 0.6756470538399627 0.8093429294948687 0.6512898716482399 0.7953485272557643
1 0.687906976744186 0.8407317073170731 0.6927131782945737 0.8441463414634147 0.697984496124031 0.8426829268292683 0.6967441860465116 0.8507317073170731 0.7071317829457364 0.8507317073170731 0.708217054263566 0.8458536585365853 0.7023255813953488 0.8412195121951219 0.6917829457364341 0.8365853658536585
1 0.46759689922480624 0.7814634146341463 0.474108527131783 0.7921951219512195 0.4933333333333333 0.8092682926829269 0.4975193798449612 0.8060975609756098 0.5 0.8090243902439024 0.512093023255814 0.8217073170731707 0.5105426356589148 0.8146341463414634 0.5130232558139535 0.812439024390244 0.5086821705426356 0.8041463414634146 0.504031007751938 0.7995121951219513 0.5012403100775193 0.8029268292682926 0.49782945736434114 0.7985365853658536 0.4846511627906977 0.7834146341463414 0.4813953488372093 0.7834146341463414 0.4838759689922481 0.788780487804878 0.48046511627906974 0.7897560975609756
1 0.46108527131782945 0.8229268292682926 0.47364341085271316 0.838780487804878 0.4894573643410853 0.8629268292682927 0.5054263565891473 0.8878048780487805 0.5083720930232558 0.8860975609756098 0.4987596899224806 0.8695121951219512 0.4863565891472868 0.8490243902439025 0.5001550387596899 0.8592682926829268 0.516124031007752 0.8719512195121951 0.5296124031007752 0.8746341463414635 0.5316279069767441 0.8702439024390244 0.52 0.865609756097561 0.49612403100775193 0.8453658536585367 0.49162790697674424 0.8402439024390244 0.4908527131782946 0.8331707317073171 0.48372093023255813 0.8275609756097562 0.4888372093023256 0.8280487804878048 0.4942635658914729 0.8300000000000001 0.497984496124031 0.8273170731707317 0.4993798449612403 0.8217073170731707 0.49612403100775193 0.8219512195121951 0.4936434108527131 0.8241463414634146 0.48697674418604653 0.8212195121951219 0.4832558139534884 0.8226829268292684 0.47612403100775197 0.8139024390243902 0.47658914728682167 0.8190243902439025 0.4806201550387597 0.8280487804878048 0.47798449612403104 0.8331707317073171 0.48899224806201547 0.845609756097561 0.48046511627906974 0.8397560975609757 0.47255813953488374 0.8314634146341463 0.4682170542635659 0.8202439024390245 0.464031007751938 0.8180487804878048
1 0.2785696424106026 0.7993705743509049 0.2878219554888722 0.8123524783634933 0.30782695673918475 0.8355625491738788 0.3123280820205051 0.8383162863886703 0.3088272068017004 0.8276947285601889 0.29582395598899724 0.8154996066089694 0.2873218304576144 0.8036978756884343
1 0.3263315828957239 0.7564909520062941 0.35533883470867716 0.7576711250983477 0.3643410852713178 0.7564909520062941 0.36934233558389595 0.7564909520062941 0.3690922730682671 0.7498033044846578 0.3455863965991498 0.7521636506687647 0.33358339584896224 0.7509834775767111
1 0.39193798449612405 0.7463414634146341 0.3925581395348837 0.7514634146341463 0.40527131782945736 0.7514634146341463 0.4079069767441861 0.7539024390243902 0.42713178294573645 0.754390243902439 0.4313178294573643 0.7531707317073171 0.4342635658914729 0.7568292682926829 0.44697674418604655 0.7578048780487805 0.45255813953488366 0.7609756097560976 0.4536434108527132 0.7531707317073171 0.438139534883721 0.7524390243902439 0.4330232558139535 0.7497560975609756 0.4083720930232558 0.7495121951219512 0.40294573643410847 0.7460975609756098
1 0.20325581395348835 0.8919512195121951 0.19193798449612404 0.8775609756097561 0.17612403100775192 0.8600000000000001 0.17736434108527133 0.8563414634146342 0.18666666666666668 0.8665853658536585 0.20124031007751939 0.8814634146341462 0.1924031007751938 0.865609756097561 0.1812403100775194 0.8497560975609756 0.1737984496124031 0.8378048780487805 0.17550387596899225 0.8329268292682926 0.18310077519379844 0.8407317073170731 0.18589147286821706 0.8482926829268292 0.19162790697674417 0.8565853658536585 0.1956589147286822 0.8582926829268293 0.19705426356589145 0.8658536585365854 0.21426356589147286 0.8941463414634147
1 0.20341085271317827 0.8702439024390244 0.20790697674418604 0.8763414634146341 0.21007751937984495 0.8819512195121951 0.2186046511627907 0.885609756097561 0.22434108527131782 0.8936585365853658 0.2308527131782946 0.8870731707317073 0.23317829457364342 0.8919512195121951 0.23937984496124032 0.8978048780487805 0.2434108527131783 0.8958536585365854 0.2386046511627907 0.8860975609756098 0.2302325581395349 0.8782926829268293 0.20155038759689922 0.8395121951219512 0.17689922480620154 0.7995121951219513 0.1753488372093023 0.8041463414634146 0.18635658914728684 0.8229268292682926 0.16852713178294573 0.824390243902439 0.1697674418604651 0.8295121951219513 0.18868217054263567 0.8285365853658536 0.19782945736434107 0.8421951219512196 0.22635658914728682 0.8797560975609756 0.2248062015503876 0.8824390243902439 0.2172093023255814 0.8758536585365854 0.2137984496124031 0.8775609756097561 0.2063565891472868 0.8692682926829268
1 0.27052030497336266 0.9003144969721302 0.2620133771440116 0.8872662183411958 0.2501036781829202 0.8845896483656195 0.23117576376261417 0.8675265147713205 0.2354292276772897 0.8658536585365854 0.25329377611892684 0.881243935896149 0.22775193798449614 0.8504878048780488 0.22387596899224807 0.8512195121951219 0.20976744186046514 0.8412195121951219 0.20728682170542634 0.8363414634146341 0.21131782945736435 0.8353658536585366 0.2246511627906977 0.845609756097561 0.20501696068735978 0.8163371139884238 0.20076349677268426 0.8059654053330656 0.20735636584043132 0.8129914015189534 0.23457853489435457 0.8531399511525979 0.25669654725066726 0.8782327946736257 0.2537191225103944 0.8685302285121617 0.2473389266383811 0.8581585198568035 0.25244308333599175 0.8571548061159623 0.2605246647738752 0.872210512228579 0.2737104029093693 0.8869316470942488 0.2775385204325773 0.8822476496369902 0.2781765400197786 0.8916156445515072 0.2856201018704608 0.8926193582923483 0.27945257919418126 0.9023219244538124 0.27604980806244084 0.8966342132557128
1 0.3124031007751938 0.9141463414634147 0.304031007751938 0.9039024390243903 0.293953488372093 0.8892682926829268 0.2837209302325581 0.8782926829268293 0.2641860465116279 0.8607317073170732 0.2683720930232558 0.8587804878048781 0.29007751937984494 0.8802439024390243 0.27984496124031005 0.864390243902439 0.2815503875968992 0.8592682926829268 0.29534883720930233 0.88 0.3075968992248062 0.8975609756097561 0.30806201550387596 0.9014634146341464 0.32031007751937984 0.9148780487804878
1 0.34124031007751937 0.9075609756097561 0.33503875968992247 0.9007317073170732 0.3116279069767442 0.8614634146341463 0.31503875968992245 0.8592682926829268 0.3376744186046512 0.8975609756097561 0.3466666666666667 0.9087804878048781 0.35038759689922483 0.91 0.3517829457364341 0.9060975609756098 0.3302325581395349 0.8758536585365854 0.3310077519379845 0.8719512195121951 0.35426356589147284 0.9034146341463414 0.3545736434108527 0.9121951219512195 0.35271317829457366 0.9165853658536586 0.3468217054263566 0.9139024390243902 0.34744186046511627 0.9173170731707317 0.3351937984496124 0.9146341463414634 0.32 0.8934146341463415 0.32325581395348835 0.8912195121951219 0.33348837209302323 0.9058536585365853
1 0.36635658914728686 0.9239024390243903 0.3635658914728682 0.9178048780487805 0.35767441860465116 0.9139024390243902 0.3590697674418605 0.9078048780487804 0.3635658914728682 0.9109756097560976 0.3677519379844961 0.9173170731707317 0.3710077519379845 0.914390243902439 0.3705426356589147 0.9087804878048781 0.3654263565891473 0.9036585365853659 0.36992248062015504 0.9024390243902439 0.3764341085271318 0.9129268292682927 0.3817054263565891 0.9192682926829268 0.38232558139534883 0.9121951219512195 0.37813953488372093 0.9039024390243903 0.38232558139534883 0.9031707317073171 0.386046511627907 0.9102439024390243 0.39627906976744187 0.9197560975609756 0.39395348837209304 0.9231707317073171 0.38542635658914726 0.9153658536585366 0.3827906976744186 0.9241463414634146
1 0.40604651162790695 0.9243902439024391 0.4009302325581396 0.918780487804878 0.3995348837209302 0.911951219512195 0.39395348837209304 0.9060975609756098 0.3967441860465116 0.9046341463414633 0.4017054263565892 0.9048780487804878 0.4082170542635659 0.9148780487804878 0.4170542635658915 0.9178048780487805 0.4181395348837209 0.9139024390243902 0.41426356589147284 0.9085365853658537 0.4158139534883721 0.9053658536585366 0.42093023255813955 0.91 0.42093023255813955 0.9163414634146341 0.4263565891472868 0.9209756097560976 0.42465116279069764 0.9097560975609756 0.42837209302325585 0.9102439024390243 0.42961240310077525 0.9158536585365854 0.43395348837209297 0.9178048780487805 0.438139534883721 0.9226829268292683 0.44589147286821706 0.9197560975609756 0.4586046511627907 0.9226829268292683 0.46511627906976744 0.9309756097560975 0.4530232558139535 0.9263414634146342 0.4409302325581395 0.9251219512195122 0.43627906976744185 0.9278048780487804 0.42217054263565895 0.9253658536585365 0.41472868217054265 0.9214634146341464 0.41038759689922477 0.9260975609756097
1 0.3275968992248062 0.8470731707317073 0.3262015503875969 0.8526829268292684 0.36604651162790697 0.8880487804878049 0.3889922480620155 0.9041463414634147 0.38589147286821707 0.8958536585365854 0.3444961240310077 0.8629268292682927
1 0.2124031007751938 0.7997560975609755 0.2297674418604651 0.8234146341463415 0.2421705426356589 0.8365853658536585 0.24046511627906975 0.8402439024390244 0.24465116279069768 0.8512195121951219 0.24775193798449613 0.8504878048780488 0.24465116279069768 0.8414634146341463 0.25302325581395346 0.848780487804878 0.24744186046511626 0.8373170731707318 0.22744186046511627 0.8156097560975609
1 0.2634108527131783 0.812439024390244 0.2626356589147287 0.8160975609756098 0.26651162790697674 0.8214634146341464 0.27069767441860465 0.8190243902439025 0.2668217054263566 0.812439024390244
1 0.47162790697674417 0.8524390243902439 0.4720930232558139 0.8607317073170732 0.46542635658914727 0.8534146341463414 0.4586046511627907 0.8497560975609756 0.4530232558139535 0.8492682926829268 0.4483720930232558 0.8404878048780489 0.4389147286821706 0.8336585365853659 0.4337984496124031 0.8317073170731707 0.4337984496124031 0.8258536585365854 0.4314728682170543 0.8207317073170731 0.4269767441860465 0.8253658536585365 0.42217054263565895 0.8239024390243903 0.4274418604651163 0.8329268292682926 0.4262015503875969 0.838048780487805 0.42 0.8292682926829268 0.41550387596899224 0.8224390243902439 0.4128682170542636 0.8256097560975609 0.4150387596899225 0.8336585365853659 0.40852713178294575 0.8302439024390244 0.4009302325581396 0.82 0.39860465116279076 0.8170731707317073 0.3965891472868217 0.8197560975609757 0.39209302325581397 0.8170731707317073 0.3964341085271318 0.812439024390244 0.3874418604651163 0.7990243902439025 0.3872868217054264 0.7953658536585366 0.3995348837209302 0.8080487804878049 0.4026356589147287 0.8151219512195121 0.4088372093023256 0.8221951219512196 0.4128682170542636 0.8182926829268292 0.4096124031007752 0.8126829268292682 0.40248062015503877 0.8043902439024391 0.39813953488372095 0.7990243902439025 0.39891472868217054 0.7936585365853658 0.404031007751938 0.7990243902439025 0.41472868217054265 0.8134146341463414 0.41875968992248064 0.8165853658536586 0.42403100775193797 0.8178048780487805 0.428062015503876 0.814390243902439 0.43829457364341085 0.8146341463414634 0.4446511627906977 0.814390243902439 0.4466666666666667 0.8160975609756098 0.4570542635658915 0.8160975609756098 0.4604651162790698 0.8134146341463414 0.46139534883720934 0.8163414634146341 0.45891472868217054 0.8204878048780487 0.4496124031007752 0.8221951219512196 0.44325581395348834 0.8185365853658537 0.44077519379844965 0.8202439024390245 0.4368992248062016 0.8190243902439025 0.4387596899224806 0.8246341463414635 0.4404651162790698 0.8302439024390244 0.4455813953488372 0.8287804878048781 0.44868217054263565 0.8343902439024391 0.45193798449612405 0.8385365853658537 0.4533333333333333 0.844390243902439 0.45875968992248056 0.8421951219512196 0.46310077519379844 0.8473170731707317
1 0.4958139534883721 0.7848780487804878 0.5021705426356589 0.7958536585365854 0.5057364341085271 0.7963414634146342 0.5085271317829457 0.7995121951219513 0.5145736434108527 0.8053658536585365 0.5096124031007752 0.7956097560975609 0.5032558139534884 0.7880487804878049
1 0.4293023255813953 0.7929268292682927 0.4342635658914729 0.8002439024390244 0.44 0.8029268292682926 0.4421705426356589 0.8090243902439024 0.44759689922480617 0.8095121951219512 0.44775193798449614 0.805609756097561 0.44635658914728676 0.8021951219512194 0.43968992248062017 0.7963414634146342 0.437984496124031 0.7914634146341464
1 0.37193798449612403 0.8080487804878049 0.37255813953488376 0.8126829268292682 0.3767441860465116 0.8158536585365853 0.388062015503876 0.8292682926829268 0.3841860465116279 0.8329268292682926 0.3848062015503876 0.8360975609756098 0.3953488372093023 0.8473170731707317 0.3891472868217054 0.8339024390243902 0.39116279069767446 0.8336585365853659 0.40604651162790695 0.8509756097560975 0.4065116279069767 0.844390243902439 0.3933333333333333 0.8297560975609756 0.37751937984496126 0.81
1 0.4161240310077519 0.886341463414634 0.4375193798449612 0.9163414634146341 0.4375193798449612 0.9109756097560976 0.4231007751937984 0.8892682926829268 0.4173643410852713 0.8831707317073171
1 0.33674418604651163 0.8078048780487804 0.34651162790697676 0.82 0.34713178294573643 0.8156097560975609 0.34108527131782945 0.8065853658536585
1 0.49224806201550386 0.9385365853658537 0.488062015503876 0.9341463414634147 0.4789147286821705 0.9314634146341463 0.47798449612403104 0.9273170731707316 0.48542635658914735 0.9270731707317074 0.48992248062015503 0.9309756097560975 0.4967441860465116 0.9331707317073171
1 0.47550387596899224 0.9158536585365854 0.48310077519379846 0.9204878048780487 0.48899224806201547 0.9243902439024391 0.49720930232558136 0.9278048780487804 0.5007751937984496 0.932439024390244 0.5108527131782946 0.9358536585365853 0.5136434108527131 0.9407317073170731 0.5223255813953488 0.9395121951219512 0.5266666666666666 0.9414634146341463 0.5387596899224806 0.9421951219512196 0.5417054263565891 0.9448780487804878 0.5612403100775194 0.9463414634146341 0.5762790697674418 0.9465853658536586 0.582015503875969 0.95 0.5832558139534884 0.9560975609756097 0.610077519379845 0.9663414634146341 0.6027906976744186 0.9595121951219512 0.5922480620155038 0.9548780487804878 0.5931782945736435 0.9521951219512195 0.604031007751938 0.9546341463414634 0.6148837209302326 0.9621951219512195 0.6262015503875968 0.9634146341463414 0.6148837209302326 0.9575609756097562 0.6075968992248062 0.9512195121951219 0.5965891472868218 0.9465853658536586 0.5801550387596899 0.9421951219512196 0.5548837209302325 0.938780487804878 0.5434108527131783 0.9380487804878049 0.53984496124031 0.9348780487804879 0.5275968992248062 0.9353658536585366 0.5181395348837209 0.9341463414634147 0.5147286821705427 0.9339024390243902 0.5124031007751938 0.9302439024390243 0.5043410852713178 0.9285365853658536 0.4993798449612403 0.9236585365853658 0.49596899224806196 0.9168292682926829 0.4927131782945737 0.9214634146341464 0.48604651162790696 0.9180487804878048 0.48248062015503873 0.9136585365853659
1 0.7554713263951347 0.9021695189327584 0.7638228617927963 0.9089071553698963 0.7910077519379844 0.9158536585365854 0.7809302325581395 0.9041463414634147 0.7787596899224807 0.8992682926829269 0.7633945779262495 0.8984638188923326
1 0.7704612617242709 0.9385527556933028 0.7929461647179751 0.941247810268158 0.8021542678487302 0.940910928446301 0.813503790312219 0.9483223285271527 0.820356332176967 0.9520280285675785 0.827851299841535 0.9483223285271527 0.8182149128442332 0.9442797466648699 0.8064371065141978 0.9355208192965907 0.7897340357188746 0.9351839374747338 0.7706754036575443 0.9345101738310201
1 0.810077519379845 0.9719040560571351 0.8180007709109599 0.9708934105915644 0.820998757976787 0.9749359924538471 0.8312775707739088 0.9776310470287023 0.8394149642382972 0.9719040560571351 0.8406998158379375 0.9651664196199973 0.8317058546404558 0.9708934105915644 0.8224977515097007 0.9678614741948524 0.8156452096449528 0.9648295377981404 0.808364383913658 0.9678614741948524 0.8036532613816437 0.9715671742352783 0.8036532613816437 0.9752728742757041
1 0.6384496124031008 0.9546341463414634 0.663875968992248 0.9595121951219512 0.6734883720930233 0.9658536585365853 0.6896124031007752 0.9697560975609757 0.6964341085271317 0.9690243902439024 0.6914728682170542 0.9648780487804879 0.6927131782945737 0.9636585365853659 0.7026356589147287 0.9658536585365853 0.7176744186046511 0.9714634146341463 0.7300775193798449 0.973170731707317 0.7389147286821706 0.9741463414634146 0.7387596899224806 0.9695121951219512 0.7246511627906976 0.9682926829268292 0.7085271317829457 0.9634146341463414 0.6889922480620154 0.9551219512195123 0.6767441860465117 0.9480487804878048 0.6672868217054263 0.9453658536585366 0.6753488372093024 0.9521951219512195 0.6889922480620154 0.9614634146341463 0.6858914728682171 0.9634146341463414 0.6768992248062016 0.9582926829268292 0.6685271317829458 0.9558536585365853 0.6604651162790698 0.9529268292682926 0.6362790697674419 0.9504878048780487
1 0.7244961240310077 0.9570731707317073 0.7286821705426356 0.9614634146341463 0.7384496124031008 0.9641463414634147 0.7491472868217054 0.9663414634146341 0.7556589147286822 0.9690243902439024 0.7556589147286822 0.9741463414634146 0.7615503875968992 0.9748780487804878 0.7634108527131782 0.9695121951219512 0.7576744186046511 0.964390243902439
