0 0.3103200848568041 0.3069596139192279 0.3795481916718368 0.3662902986183331 0.4301179259998752 0.37977309287951916 0.47234980996522546 0.43845108984018505 0.4663068571785112 0.49153331639996617 0.5149673022013448 0.5603466233387493 0.5242665136282157 0.5797352254045167 0.5409752621398758 0.5973891421467054 0.5379212053344192 0.6098217985909656 0.5246869591774408 0.6160381268130958 0.5125760764058637 0.6359781950333132 0.4881324349409456 0.6633786161345216 0.48277695808807813 0.6903064003791979 0.42637424346415426 0.6303869274405216 0.372714793785487 0.574506815680298 0.33153428589255624 0.5321733976801287 0.29534535471392026 0.49661332655998647 0.25650784382217545 0.40661544665407395 0.24086712163789642 0.3521411238689504
1 0.6483962051297778 0.5927062061749642 0.6562821049218966 0.5959758993885674 0.6569392632379066 0.6016235513029727 0.6646061102580223 0.6093519170805801 0.6792826459822435 0.6170802828581874 0.6838827541943129 0.6221334450973922 0.6928639178464484 0.6262948728237963 0.7108317214700194 0.6385826771653543 0.7294003868471954 0.6451443569553806 0.725531914893617 0.6385826771653543 0.7112185686653771 0.6330708661417322 0.7013038183250949 0.6244126891545965 0.6907968574635241 0.6182560513269175 0.6841018069663163 0.6147023241573852 0.6674537962940652 0.6004345719525717 0.6613203186779727 0.5962731442261676 0.6554058938338836 0.5900310026365617 0.6494914689897943 0.5891392681237608
1 0.6829787234042554 0.6703412073490814 0.6893617021276596 0.6776902887139107 0.6961315280464216 0.6821522309711285 0.7036750483558994 0.6853018372703412 0.7104448742746615 0.683989501312336 0.7011605415860735 0.679002624671916 0.6882011605415861 0.6711286089238845
1 0.7176015473887815 0.794750656167979 0.7290135396518375 0.8013123359580053 0.7450676982591876 0.8078740157480315 0.7514506769825918 0.8078740157480315 0.7528046421663442 0.8123359580052494 0.760348162475822 0.8120734908136482 0.7618955512572534 0.8146981627296588 0.770019342359768 0.8149606299212598 0.7713733075435203 0.8207349081364829 0.7841392649903288 0.821522309711286 0.7969052224371374 0.8233595800524934 0.804642166344294 0.8246719160104986 0.8032882011605416 0.831758530183727 0.8346228239845261 0.8328083989501313 0.8433268858800773 0.8286089238845145 0.853384912959381 0.8280839895013123 0.853384912959381 0.8254593175853019 0.8661508704061895 0.8251968503937007 0.8659574468085106 0.8225721784776903 0.8752417794970987 0.821522309711286 0.8746615087040619 0.815223097112861 0.8841392649903289 0.8141732283464567 0.8812379110251451 0.8102362204724409 0.830174081237911 0.815485564304462 0.8295938104448742 0.8188976377952756 0.783752417794971 0.8178477690288715 0.7800773694390716 0.8146981627296588 0.7740812379110251 0.8141732283464567 0.7704061895551257 0.8102362204724409 0.7649903288201161 0.8091863517060368 0.7622823984526113 0.8062992125984252 0.7555125725338492 0.8065616797900262 0.7566731141199227 0.8023622047244094 0.7506769825918762 0.8020997375328085 0.7294003868471954 0.7931758530183727 0.7183752417794971 0.7900262467191601
1 0.7611218568665378 0.7973753280839895 0.764796905222437 0.7989501312335957 0.7715667311411992 0.7986876640419948 0.7725338491295938 0.8013123359580053 0.7922630560928434 0.8020997375328085 0.7945841392649904 0.8039370078740158 0.8359767891682786 0.8039370078740158 0.8342359767891683 0.8 0.7974854932301741 0.7989501312335957 0.7963249516441006 0.7968503937007875 0.7762088974854933 0.7963254593175852 0.7721470019342359 0.7931758530183727 0.7628626692456479 0.7934383202099737
1 0.7406189555125725 0.7782152230971129 0.746615087040619 0.7839895013123359 0.7558994197292069 0.7842519685039371 0.7578336557059961 0.7871391076115485 0.7644100580270793 0.7860892388451444 0.7632495164410058 0.7787401574803149 0.753384912959381 0.7774278215223097 0.7497098646034817 0.7758530183727035
1 0.5067698259187621 0.6480314960629922 0.5038684719535783 0.6532808398950132 0.5172147001934235 0.6753280839895014 0.5441005802707931 0.7102362204724411 0.5750483558994197 0.746981627296588 0.5912959381044487 0.7666666666666667 0.6189555125725339 0.7952755905511811 0.6423597678916828 0.815223097112861 0.667504835589942 0.8296587926509187 0.679110251450677 0.8335958005249344 0.6793036750483559 0.8262467191601051 0.6576402321083172 0.8175853018372703 0.6307543520309479 0.7994750656167979 0.6102514506769826 0.7797900262467192 0.5804642166344295 0.7467191601049868 0.558027079303675 0.7191601049868767 0.5365570599613152 0.6926509186351706 0.5125725338491296 0.6590551181102362
1 0.541972920696325 0.616010498687664 0.5441005802707931 0.6217847769028871 0.5545454545454546 0.6359580052493439 0.571953578336557 0.65249343832021 0.5967117988394585 0.678477690288714 0.5943907156673114 0.6711286089238845 0.5686653771760155 0.6430446194225722 0.555705996131528 0.6309711286089239
1 0.62321083172147 0.6955380577427821 0.6263056092843328 0.695275590551181 0.6564796905222436 0.7251968503937009 0.6539651837524179 0.726509186351706 0.6323017408123791 0.7070866141732283
1 0.6777562862669245 0.7871391076115485 0.6866537717601547 0.7958005249343831 0.6980657640232107 0.7984251968503937 0.70715667311412 0.8036745406824146 0.718568665377176 0.8068241469816272 0.720889748549323 0.8026246719160105 0.718568665377176 0.7994750656167979 0.7141199226305609 0.8007874015748032 0.704642166344294 0.7971128608923884 0.7029013539651837 0.7921259842519686 0.7050290135396519 0.7874015748031497 0.7021276595744681 0.7800524934383202 0.695164410058027 0.7769028871391076 0.6903288201160541 0.7811023622047245 0.6845261121856866 0.7779527559055117 0.676595744680851 0.7745406824146982 0.6771760154738878 0.7795275590551181 0.6820116054158608 0.7811023622047245 0.6854932301740811 0.7879265091863517
