0 0.21573604060913706 0.6641843971631206 0.2269035532994924 0.6698581560283688 0.24441624365482234 0.676241134751773 0.26903553299492383 0.6808510638297872 0.2926395939086294 0.6808510638297872 0.29949238578680204 0.6645390070921986 0.29492385786802033 0.6627659574468086
1 0.27766497461928935 0.48404255319148937 0.27284263959390864 0.49609929078014187 0.27461928934010155 0.5230496453900709 0.2799492385786802 0.524468085106383 0.2796954314720812 0.500709219858156
1 0.8126903553299492 0.7382978723404255 0.8263959390862945 0.7386524822695036 0.8248730964467005 0.7312056737588652 0.831725888324873 0.7262411347517731 0.8197969543147208 0.723404255319149 0.8185279187817259 0.7294326241134751 0.8116751269035534 0.7304964539007093
0 0.6071966875140763 0.5735240723259022 0.5847266339151662 0.5834796010103173 0.5612354329019804 0.6084521312270788 0.5459150844151203 0.6305706579904963 0.535190840474318 0.6669592020206345 0.5311054142111553 0.7040612469141088 0.5132316743098183 0.6733807097906589 0.49791132582295805 0.6619646959772822 0.48922979501373726 0.6191546441771195 0.5505111889611782 0.5328210397134581 0.5877063806933351 0.5027231137898482 0.6379480604979124 0.4918306586304552 0.6864572685850903 0.4924357950281993 0.7180748774276259 0.500907704596616 0.7271703539439719 0.5172463873357054 0.722406056721124 0.5402415704499793 0.7059475754058314 0.559605935177789 0.6886228582318394 0.5771548907123665 0.6604701928241021 0.5698932539394378
0 0.1680131550725674 0.42650941107638746 0.15733434786687372 0.4422939694467502 0.15055920949770166 0.46049776457395836 0.1521821283028118 0.4764544715099106 0.16852383335546275 0.482162478416599 0.18792960810548573 0.46575195855986984 0.20529266972392735 0.4457739343864607 0.22418776619105496 0.4414929292064444 0.2548284631647755 0.44077942834310835 0.287001194987182 0.4322174179830758 0.30589629145430963 0.41437989639967465 0.3043642566056236 0.38583986186623287
0 0.09747027151905638 0.4343231926549569 0.07276338503596938 0.4580834028207404 0.061212113433487134 0.4885682007692928 0.0839937879828271 0.49394787099550796 0.10549198790966904 0.5159148577525532 0.11993107741277184 0.5230877513875066 0.12987800573713154 0.5190529987178453 0.12818024900673075 0.483589480143271 0.11081718738828913 0.4793084749632548 0.10111430001327765 0.46147095337985367
1 0.1469543147208122 0.6124113475177304 0.15913705583756346 0.6145390070921987 0.17385786802030456 0.6152482269503546 0.1888324873096447 0.6180851063829788 0.21954314720812182 0.6195035460992907 0.2685279187817259 0.6223404255319149 0.32258883248730963 0.6223404255319149 0.36421319796954316 0.6219858156028369 0.3604060913705584 0.6177304964539007 0.29619289340101523 0.6184397163120567 0.2251269035532995 0.6159574468085106 0.17944162436548225 0.6113475177304964 0.1649746192893401 0.6088652482269503
1 0.24238578680203046 0.6021276595744681 0.26345177664974617 0.6042553191489362 0.31573604060913707 0.6035460992907801 0.33883248730964466 0.6 0.3588832487309645 0.598581560283688 0.3817258883248731 0.5975177304964538 0.36903553299492386 0.5929078014184397 0.3449238578680203 0.5943262411347517 0.3266497461928934 0.5971631205673759 0.3083756345177665 0.599290780141844 0.27055837563451773 0.599645390070922
1 0.4157360406091371 0.4379432624113475 0.4157360406091371 0.4443262411347518 0.4302030456852792 0.4446808510638298 0.4215736040609137 0.43865248226950354
1 0.42055837563451776 0.5691489361702128 0.44695431472081215 0.5687943262411348 0.4444162436548223 0.5652482269503546 0.42030456852791875 0.5645390070921985
1 0.5855329949238578 0.41312056737588654 0.5979695431472081 0.4092198581560284 0.616243654822335 0.4092198581560284 0.6439086294416243 0.3957446808510638 0.6700507614213198 0.3953900709219858 0.665736040609137 0.3890070921985816 0.6439086294416243 0.38865248226950355 0.6177664974619289 0.4024822695035461 0.5984771573604061 0.40425531914893614 0.5868020304568528 0.40815602836879433
