1 0.648008538465448 0.8018747025008237 0.6473732359767564 0.7948567732171409 0.6528791908787503 0.7969926647382618 0.6605028207430498 0.7893644807342584 0.6624087282091246 0.781126042009935 0.6585969132769749 0.7771593863278532 0.660820895522388 0.7712365591397848 0.6580223880597015 0.7629032258064516 0.6585820895522388 0.7526881720430108 0.6626865671641791 0.7438172043010752 0.6634328358208955 0.7513440860215054 0.6671641791044777 0.7524193548387096 0.6649253731343283 0.7693548387096774 0.667910447761194 0.7701612903225806 0.6654850746268657 0.7806451612903225 0.6710820895522388 0.782258064516129 0.6692164179104477 0.7922043010752687 0.6908582089552239 0.7830645161290323 0.7164179104477612 0.7663978494623657 0.7162313432835821 0.7736559139784946 0.6973880597014925 0.7854838709677419 0.6699626865671642 0.7983870967741935 0.6697761194029851 0.8029569892473118 0.6876865671641792 0.8040322580645162 0.6777985074626866 0.8096774193548387 0.6561567164179104 0.8091397849462365
1 0.7391791044776119 0.7352150537634409 0.7498134328358208 0.7276881720430107 0.7718283582089552 0.7005376344086022 0.762313432835821 0.7225806451612904 0.7490671641791045 0.7405913978494624
1 0.6513059701492537 0.7389784946236558 0.6585820895522388 0.7413978494623656 0.6812366737739871 0.7363671274961596 0.7075559701492538 0.7142857142857142 0.6829024520255863 0.7224462365591398 0.6791044776119403 0.7145161290322581 0.6886194029850746 0.7043010752688172 0.6930970149253731 0.7088709677419355 0.6934701492537313 0.6989247311827957 0.6779850746268656 0.6989247311827957 0.6598880597014926 0.7077956989247313 0.6632462686567164 0.7134408602150537 0.6638059701492538 0.7255376344086021 0.6492537313432836 0.7287634408602152
1 0.7126865671641791 0.7303763440860215 0.7238805970149254 0.7309139784946236 0.7352611940298508 0.7231182795698925 0.7470149253731343 0.724731182795699 0.7468283582089552 0.7166666666666667 0.735820895522388 0.7137096774193549
1 0.5856133480120558 0.7970251329458725 0.5515484849031745 0.7781721730311659 0.5515484849031745 0.7628947744795933 0.5348544460286235 0.7424165593998258 0.5276354021909798 0.73559048770657 0.5073318413976069 0.7277892629142775 0.5152276705950296 0.7264890587822289 0.5310193289898753 0.7313648242774117 0.5407199191467089 0.7414414063007894 0.5450062264253099 0.7456670697299477 0.5562859824216282 0.7479424269610329 0.5844853724124239 0.7433917124988624 0.5734312115360319 0.7515179883241668 0.5553836019419228 0.7544434476212766 0.5567371726614809 0.7677705399747761 0.5840341821725712 0.7882487550545436
1 0.43707765825316297 0.6862611280464685 0.44786645053996593 0.6980147716759937 0.46391806833252636 0.7120433140725237 0.45786581900090517 0.6968773222924913
1 0.4988805970149253 0.707258064516129 0.5016791044776119 0.7137096774193549 0.5186567164179104 0.7223118279569892 0.519589552238806 0.7158602150537635 0.5069029850746268 0.7094086021505376 0.5113805970149254 0.6991935483870968 0.505410447761194 0.6973118279569892 0.5039179104477612 0.706989247311828
1 0.7309701492537314 0.6994623655913978 0.7367537313432836 0.7083333333333334 0.7416044776119403 0.7077956989247313 0.744589552238806 0.6975806451612904 0.7516791044776119 0.6978494623655914 0.7511194029850746 0.6817204301075269 0.7423507462686567 0.6854838709677419 0.7320895522388059 0.6860215053763441
1 0.6419776119402986 0.7591397849462365 0.6529850746268657 0.757258064516129 0.6462686567164179 0.7295698924731182 0.6311567164179105 0.735483870967742 0.5992537313432835 0.7470430107526881 0.5996268656716417 0.7577956989247311 0.6067164179104477 0.7580645161290323 0.6111940298507463 0.7540322580645161 0.6158582089552239 0.7586021505376344 0.6223880597014926 0.7521505376344086 0.628731343283582 0.7564516129032257 0.6337686567164179 0.7508064516129033 0.6375 0.7524193548387096
1 0.6188432835820895 0.8040322580645162 0.6156716417910447 0.8099462365591398 0.628731343283582 0.8123655913978495 0.6444029850746268 0.8115591397849462 0.6488805970149254 0.807258064516129 0.6425373134328358 0.8016129032258065 0.6451492537313434 0.7879032258064517 0.6399253731343284 0.7873655913978495 0.6386194029850747 0.7948924731182795 0.639179104477612 0.8008064516129032 0.632276119402985 0.8013440860215054 0.6305970149253731 0.8048387096774193
1 0.6734801359381521 0.7673854215884197 0.683913985332989 0.7591526709906504 0.694596259713417 0.7591526709906504 0.6801876105491186 0.7537834858181923 0.6687600612119164 0.7613003450596337
1 0.5932388655921458 0.7344544191973427 0.6163423892521415 0.7258637229214095 0.6322415883299879 0.7187048093581317 0.6426754377248246 0.7115458957948542 0.6518671621917046 0.7093982217258709 0.6406880378400939 0.7047449279097404 0.6272730886181609 0.7136935698638375
1 0.6902985074626866 0.6911290322580645 0.6940298507462687 0.6862903225806452 0.7037313432835821 0.6922043010752689 0.7024253731343284 0.6849462365591398 0.7042910447761194 0.6817204301075269 0.7083955223880597 0.6811827956989247 0.7182835820895522 0.6779569892473118 0.7218283582089552 0.6733870967741935 0.7167910447761194 0.6706989247311828 0.7130597014925373 0.6741935483870968 0.7027985074626866 0.6733870967741935 0.7 0.6795698924731183 0.6936567164179105 0.6793010752688172 0.6860074626865671 0.6865591397849462
1 0.39941751167825 0.38680948863169995 0.42362851771675974 0.39347861774603954 0.517980232425658 0.39809570713289005 0.5268813375868748 0.39193958795042266
1 0.4226317392628693 0.44523751775752746 0.42303252801513375 0.453322245706432 0.455696811324687 0.4715128835914671 0.45609760007695144 0.46487185706200984
1 0.37593283582089554 0.35134408602150535 0.392910447761194 0.35967741935483877 0.43339552238805973 0.36263440860215057 0.4652985074626866 0.3653225806451613 0.4669776119402985 0.3602150537634409
1 0.6824626865671642 0.8115591397849462 0.691044776119403 0.8067204301075269 0.696455223880597 0.7973118279569893 0.7100746268656717 0.7887096774193548 0.7238805970149254 0.7833333333333333 0.7337686567164179 0.7779569892473117 0.7354477611940299 0.7884408602150538 0.7281716417910448 0.8029569892473118 0.7095149253731343 0.8172043010752689 0.6880597014925374 0.8327956989247313
1 0.5061567164179105 0.8112903225806452 0.5145522388059701 0.8182795698924731 0.5164179104477612 0.8258064516129032 0.5378731343283583 0.8225806451612904 0.5585820895522388 0.8271505376344086 0.6147388059701493 0.8258064516129032 0.6210820895522388 0.8209677419354838 0.5617537313432837 0.818010752688172 0.5569029850746269 0.8112903225806452
1 0.616044776119403 0.8365591397849462 0.630223880597015 0.8368279569892474 0.6442164179104478 0.832258064516129 0.6296641791044776 0.8295698924731183
1 0.4906241692301849 0.6426167610604941 0.5119868216171053 0.6528769596979397 0.5480659678705708 0.6545869928041806 0.5620703733242186 0.6586910722591589 0.6218858000075956 0.6576650523954144
1 0.7177238805970149 0.7438172043010752 0.703544776119403 0.7604838709677418 0.7115671641791045 0.7618279569892472 0.7242537313432835 0.7491935483870967 0.7378731343283582 0.7389784946236558 0.7367537313432836 0.7276881720430107 0.7302238805970149 0.7298387096774194
