1 0.36024844720496896 0.6565853658536585 0.35077639751552797 0.6451219512195122 0.3565217391304348 0.6434146341463415 0.35916149068322983 0.6409756097560976 0.368167701863354 0.6478048780487805 0.37282608695652175 0.6504878048780488 0.3781055900621118 0.6563414634146342 0.3852484472049689 0.6578048780487804 0.3739130434782609 0.6473170731707316 0.3777950310559006 0.6460975609756097 0.3895962732919255 0.6539024390243903 0.39798136645962734 0.6548780487804878 0.3987577639751553 0.6595121951219511 0.40885093167701864 0.6658536585365854 0.41459627329192544 0.6695121951219513 0.40931677018633544 0.6726829268292683 0.40062111801242234 0.6658536585365854 0.38835403726708073 0.6604878048780488 0.3734472049689441 0.6590243902439024 0.3692546583850932 0.6539024390243903
0 0.1329757199322417 0.6467548573790822 0.13728239336198073 0.6305949114961104 0.14709203839638627 0.6238302829869593 0.1638402128453713 0.6204479687323837 0.1848950607240954 0.6309707241910631 0.19398692685354443 0.6411176669547898 0.19518322502847194 0.6606599270923371 0.1832202432791969 0.6749408095005449 0.14087128788676326 0.6640422413469127
1 0.2741960845978457 0.6490943706905423 0.27075634876955734 0.6501234949058351 0.27272191210000785 0.6385458474837913 0.28140315014283096 0.6493516517443655 0.28828262179940767 0.6490943706905423 0.28910160652042877 0.6462642790984872 0.28582566763634454 0.6424050632911392 0.289265403464633 0.6400895338067305 0.29467070262337186 0.6457497169908408 0.303416149068323 0.6536585365853659 0.30714285714285716 0.6473170731707316 0.3001552795031056 0.6392682926829268 0.3048261131640328 0.6357157558917361 0.30941242760175064 0.6377740043223217 0.3139987420394685 0.6367448801070289 0.3195678381424116 0.6465215601523103 0.3197316350866158 0.6519244622825975 0.3285766700736431 0.6573273644128846 0.33103362423670624 0.6619584233817021 0.3282490761852347 0.6640166718122877 0.31924024425400316 0.6578419265205311 0.31154178787640535 0.6586137696820006 0.3166194931467359 0.6647885149737573 0.32120580758445366 0.6671040444581661 0.3307060303482978 0.6740506329113923 0.3275938884084178 0.6773952866110939 0.32202479230547476 0.6776525676649171 0.31825746258877796 0.6725069465884532 0.3087572398249338 0.6668467634043429 0.2920499515161045 0.6503807759596583 0.29090337290667506 0.6532108675517134 0.2969638598422308 0.662987547596995 0.2894292004088372 0.6601574560049398 0.2856618706921404 0.6542399917670062 0.27927378986817625 0.6547545538746526
1 0.34114906832298136 0.645609756097561 0.3423913043478261 0.6365853658536585 0.3444099378881988 0.6382926829268293 0.3453416149068323 0.6451219512195122 0.35248447204968947 0.6526829268292683 0.3422360248447205 0.65
1 0.4195652173913043 0.6968292682926829 0.4332298136645963 0.6970731707317074 0.4307453416149068 0.6914634146341463 0.4198757763975155 0.6895121951219512
1 0.19425465838509315 0.6685365853658537 0.19906832298136645 0.6753658536585365 0.20745341614906831 0.676829268292683 0.20652173913043478 0.6712195121951219 0.2001552795031056 0.664390243902439 0.20232919254658388 0.6607317073170731 0.20745341614906831 0.6648780487804878 0.21040372670807453 0.6739024390243903 0.2156832298136646 0.6758536585365854 0.21972049689440995 0.6814634146341463 0.2267080745341615 0.68 0.22562111801242238 0.675609756097561 0.22717391304347828 0.6734146341463415 0.23043478260869565 0.6780487804878049 0.23416149068322983 0.6846341463414634 0.2386645962732919 0.6841463414634147 0.23369565217391305 0.6743902439024391 0.22391304347826085 0.6626829268292682 0.21987577639751552 0.6663414634146341 0.22562111801242238 0.6709756097560976 0.22298136645962732 0.6746341463414635 0.21972049689440995 0.6726829268292683 0.21211180124223603 0.6602439024390243 0.20854037267080747 0.6604878048780488 0.19627329192546586 0.6453658536585366 0.1972049689440994 0.6560975609756098 0.20093167701863354 0.6582926829268292 0.19829192546583851 0.6626829268292682
1 0.2236024844720497 0.6431707317073171 0.23276397515527952 0.6529268292682927 0.23666845795268504 0.6509790450017177 0.22981366459627328 0.6441463414634147 0.22531055900621116 0.6390243902439025
0 0.29774922828898864 0.6666830249791432 0.3049352012697302 0.6769887618393287 0.31009035579939265 0.6917112430681651 0.3086844045640302 0.697845610246847 0.30556006848544687 0.6995632330568778 0.27363843030071433 0.6943080953228719 0.25588312483597236 0.6909751190067234 0.24994688628666412 0.6804240074593905 0.2515090543259557 0.6661922756048486 0.25635177524775987 0.6578495362418413 0.26634965069922645 0.6566226628061049
1 0.2625776397515528 0.6434146341463415 0.26102484472049686 0.6470731707317073 0.2639751552795031 0.6519512195121951 0.2687888198757764 0.6536585365853659
1 0.2468944099378882 0.6248780487804878 0.25838509316770186 0.6248780487804878 0.26009316770186336 0.6214634146341463 0.24658385093167703 0.6209756097560976
1 0.27251552795031053 0.6248780487804878 0.29472049689440993 0.6282926829268293 0.29487577639751555 0.624390243902439 0.2722049689440994 0.6219512195121951
1 0.33090062111801244 0.6441463414634147 0.3372670807453416 0.6487804878048781 0.33835403726708074 0.6431707317073171
1 0.24518633540372672 0.6809756097560975 0.2417701863354037 0.6741463414634146 0.23695652173913043 0.668780487804878 0.2375776397515528 0.6646341463414634 0.24083850931677017 0.6673170731707317 0.24611801242236025 0.6770731707317074
1 0.3122670807453416 0.6963414634146341 0.3122670807453416 0.7017073170731707 0.31692546583850933 0.7009756097560975 0.32034161490683233 0.7024390243902439 0.3312111801242236 0.7065853658536585 0.34316770186335405 0.708048780487805 0.35139751552795034 0.7097560975609756 0.3546583850931677 0.7082926829268292 0.34285714285714286 0.7034146341463414 0.32701863354037264 0.7
