1 0.41015118790496763 0.6895643470473581 0.42903954802259897 0.692205227137017 0.43399568034557234 0.7058947479323606 0.43747645951035785 0.6871526342382067 0.43807909604519785 0.6710762022874465 0.44320150659133717 0.6494878508107115 0.4360691144708423 0.6537428225254175 0.42934086629001883 0.6816407147122319 0.408768898488121 0.683769688668809
1 0.49343412526997843 0.48833166517410315 0.5027645788336933 0.4999209819312016 0.5124406047516199 0.49096560080071644 0.5107127429805616 0.4851709424221672 0.5006911447084234 0.4888584522994258
1 0.4968898488120951 0.46409945740926095 0.49930885529157665 0.4730548385397461 0.5065658747300217 0.47358162566506873 0.50622030237581 0.47990307116894065 0.5124406047516199 0.4814834325449086 0.5169330453563715 0.4683137544118422 0.5176241900647949 0.4519833535268398 0.5089848812095032 0.46409945740926095 0.5010367170626351 0.46462624453458357
1 0.4657883369330454 0.5662961597218564 0.46751619870410366 0.573144392351051 0.4789200863930886 0.571564030975083 0.47903999999999997 0.5626829268292682 0.46863999999999995 0.5599999999999999
1 0.3973650107991361 0.4888584522994258 0.40531317494600433 0.48833166517410315 0.407732181425486 0.47568877416635935 0.40531317494600433 0.46778696728651953 0.4094600431965443 0.460938734657325 0.39390928725701946 0.46146552178264766 0.4004751619870411 0.4709476900384555
1 0.40358531317494606 0.44039403676974137 0.4039308855291577 0.4556708634040984 0.41049676025917925 0.44934941790022653 0.407732181425486 0.442501185271032
1 0.40358531317494606 0.42301006163409366 0.3952915766738661 0.4288047200126429 0.4080777537796976 0.4319654427645788 0.4125701943844492 0.42827793288732025 0.4250107991360691 0.4261707843860296 0.4225917926565875 0.42248327450877105
1 0.46647948164146874 0.32239372069746614 0.46717062634989204 0.3334562503292419 0.4830669546436286 0.3366169730811779 0.49654427645788335 0.34241163145972714 0.49792656587473 0.33714376020650055 0.4758099352051836 0.3292419533266607 0.47719222462203026 0.3213401464468208
1 0.40427184466019417 0.4105493724840161 0.4033009708737864 0.41587733838503427 0.4087378640776699 0.41706133080748287 0.4102912621359224 0.41498934406819793 0.41631067961165047 0.4143973478569737 0.4155339805825242 0.4105493724840161
1 0.45223300970873787 0.42327729102533745 0.4578640776699029 0.42564527587023443 0.4716504854368932 0.4250532796590102 0.47029126213592237 0.4191333175467677 0.452621359223301 0.42031730996921624
1 0.510943396226415 0.2844761466482589 0.5366037735849056 0.2844761466482589 0.5451572327044025 0.28716060745513117 0.5647798742138365 0.27949071943549625 0.5444025157232705 0.2764227642276423 0.5323270440251572 0.2702868538119343 0.5328301886792453 0.27872373063353273 0.5122012578616352 0.27680625862862396 0.48276729559748427 0.28255867464335016
1 0.4633962264150943 0.2890780794600399 0.4588679245283019 0.29904893388556525 0.4588679245283019 0.3078693051081454 0.4722012578616352 0.3086362939101089 0.4674213836477988 0.29828194508360173 0.46842767295597476 0.29099555146494854
1 0.51376 0.3073170731707317 0.5232 0.30829268292682926 0.5244800000000001 0.3097560975609756 0.5328 0.31073170731707317 0.5393600000000001 0.3068292682926829 0.53904 0.29560975609756096 0.54624 0.29317073170731706 0.5528 0.29536585365853657 0.54976 0.30146341463414633 0.54576 0.3051219512195122 0.55312 0.30902439024390244 0.5513600000000001 0.31341463414634146 0.53872 0.31512195121951214 0.52144 0.3146341463414634 0.51488 0.31365853658536585
1 0.4479999999999999 0.6188540456833139 0.44579894179894175 0.605691056910569 0.4488465608465608 0.5927861659568976 0.4505396825396825 0.5842689379274745 0.4505396825396825 0.5757517098980514 0.45663492063492056 0.5643954058588205 0.45561904761904753 0.5532971996386631 0.45985185185185184 0.5450380694283133 0.45985185185185184 0.540650406504065 0.4571428571428571 0.5336817653890824 0.46052910052910045 0.5316169828364951 0.4578201058201058 0.5254226351787327 0.4613756613756614 0.5236159504452187 0.4667936507936507 0.5246483417215124 0.4664550264550264 0.5318750806555684 0.4645925925925925 0.5476190476190476 0.46052910052910045 0.5636211124016002 0.4552804232804232 0.5853013292037682 0.4515555555555555 0.6051748612724223
1 0.46576000000000006 0.6321951219512195 0.47423999999999994 0.6336585365853659 0.48016000000000003 0.6339024390243901 0.48128000000000004 0.6273170731707317 0.47616 0.625609756097561
1 0.35447251114413075 0.30514985684775126 0.33476923076923076 0.3170731707317073 0.3473846153846154 0.325984990619137 0.3585141158989599 0.3189214655890987
1 0.9731194295900177 0.13868962219033953 0.9796791443850267 0.13912438589626538 0.9839572192513367 0.13347245771922958 0.9905169340463457 0.12477718360071301 0.9982174688057041 0.1291248206599713 0.9973618538324419 0.12086431024738055 0.9893761140819964 0.11695143689404808 0.9805347593582886 0.12695100213034216
1 0.344 0.431219512195122 0.35104 0.4321951219512195 0.35424 0.4297560975609756 0.36816 0.4297560975609756 0.36144 0.4253658536585366 0.35008 0.4248780487804878
1 0.40496 0.49707317073170737 0.41791999999999996 0.4975609756097561 0.43296 0.49658536585365853 0.43392 0.49414634146341463 0.43136 0.4926829268292683 0.41136000000000006 0.4926829268292683
1 0.7190088495575221 0.013706022015972371 0.7289203539823008 0.014569393481545434 0.751575221238938 0.03442693718972588 0.7810265486725664 0.0650766242175696 0.7875398230088495 0.07543708180444636 0.8150088495575221 0.11126699762572845 0.8277522123893805 0.13155622706669542 0.8376637168141593 0.14537017051586443 0.8359646017699115 0.1492553421109432 0.8269026548672566 0.1397582559896395 0.8099115044247788 0.11213036909130152 0.7807433628318584 0.07457371033887329 0.7473274336283185 0.03701705158644507
1 0.8348318584070795 0.056442909561838985 0.8373805309734513 0.06809842434707533 0.8444601769911504 0.07155191020936758 0.847858407079646 0.08104899633067127 0.87184 0.10292682926829269 0.87136 0.09780487804878049 0.8528 0.07829268292682927 0.84704 0.06804878048780487 0.8424 0.06439024390243903
