1 0.2045177045177045 0.9578754578754578 0.213 0.9641025641025641 0.21766666666666665 0.9702564102564102 0.22566666666666668 0.9707692307692308 0.22949999999999998 0.9664102564102564 0.241 0.9666666666666667 0.25824175824175827 0.9710247017939325 0.29181929181929184 0.9738423969193201 0.305 0.9751282051282052 0.30366666666666664 0.9702564102564102 0.25916666666666666 0.9617948717948719 0.2315 0.9561538461538461 0.20866666666666667 0.9476923076923077 0.21133333333333332 0.9556410256410256
1 0.3980463980463981 0.41406029867568334 0.40111809923130676 0.3854217061764231 0.4049615653389238 0.34886846207600924 0.40286512928022356 0.3295167446110842 0.4084556254367575 0.32682900607428905 0.4102026554856743 0.3563941299790356 0.4077568134171907 0.4176745686179648 0.429769392033543 0.40907380530022036 0.45115995115995117 0.3971541279233587 0.48778998778998783 0.37649103033718423 0.48916841369671554 0.38219641993226894 0.4658119658119658 0.3971541279233587 0.4316239316239316 0.4178172255095332 0.40985324947589097 0.43111326130194055 0.4065934065934066 0.4657180426411196 0.3993710691823899 0.46551631457291825 0.40286512928022356 0.43057571359458147
1 0.568679692125518 0.36610192649269024 0.5698638247483718 0.3715671539827845 0.5825932504440497 0.35334972901580364 0.5820011841326229 0.3428747096597896 0.5870337477797514 0.3355877396729972 0.5965068087625814 0.3182811859543653 0.5968028419182949 0.311905087215922 0.6009473060982831 0.3018855034840825 0.6113084665482534 0.29141048412806847 0.6013431013431013 0.29008171315863623 0.5882178804026051 0.3114496515917475 0.590882178804026 0.32146923532358695 0.5793650793650794 0.3304686766225228 0.5787545787545788 0.34737484737484736
1 0.35512630014858837 0.18205890196974894 0.35346358792184723 0.19121464680967343 0.37362637362637363 0.18864468864468864
1 0.4267399267399267 0.1999154691462384 0.43711843711843706 0.1858269935193012 0.43833580980683506 0.16643806911266054 0.4435364041604755 0.19196479597668306 0.45411486086441677 0.18392767682288105 0.44566544566544564 0.20836855452240066 0.43960923623445824 0.20260053741403647 0.42895204262877445 0.20669945803160716
1 0.7879023883696781 0.15372633596932667 0.8169781931464175 0.14014697659557476 0.828141225337487 0.1421439412093618 0.8481308411214953 0.13974758367281737 0.8481308411214953 0.14693665628245073 0.8156801661474559 0.14893362089623777 0.8045171339563862 0.15612269350587113
1 0.5615748963883955 0.4426151113540101 0.5577264653641208 0.4599216650726419 0.5689757252812315 0.5027326137450471 0.584073416222617 0.5664936011294803 0.5852575488454707 0.5546522749009427 0.5757020757020758 0.5154973231896309 0.5653235653235653 0.468535737766507
1 0.6068571428571429 0.4802197802197802 0.6221001221001221 0.5427350427350428 0.6330891330891332 0.576547384239692 0.644078144078144 0.6244482013712783 0.6507936507936508 0.6413543721236029 0.6530491415038484 0.6366306872523568 0.6416361416361416 0.5990889452427914 0.6336996336996337 0.5605804451958298 0.6100952380952381 0.47641025641025636
1 0.6050917702782712 0.43806075511226483 0.6015393724097099 0.43806075511226483 0.6019536019536019 0.4610218840988072 0.6062271062271063 0.4600826523903447
1 0.40337156760514425 0.7240448116360525 0.40632603406326034 0.7296596347691239 0.4210983663538408 0.7301943798294164 0.41988182134167534 0.724579556696345
1 0.5205761316872428 0.5580427802650024 0.5291666666666667 0.5694871794871794 0.5341666666666667 0.5825641025641025 0.5436666666666666 0.5938461538461538 0.5558495002939448 0.6109528331750554 0.5637860082304527 0.6340161895717451 0.5706666666666667 0.6492307692307692 0.5733333333333334 0.6346153846153846 0.5691666666666667 0.621025641025641 0.5629041740152851 0.6095961651517208 0.5528333333333333 0.5966666666666667 0.5498333333333333 0.5848717948717949 0.5391666666666667 0.5674358974358975 0.5406666666666666 0.56
1 0.5184376516254245 0.5255103945060277 0.5380883066472586 0.5243906990631881 0.5383309073265404 0.5184189900347105 0.522561863173217 0.5165528309633113 0.5138282387190685 0.5105811219348337 0.5055798156234838 0.4990109356921584 0.5012130033964095 0.4881872130780428 0.49757399320718093 0.49266599484940093 0.5019408054342552 0.47699025864964734 0.5114022319262493 0.46989885417833016 0.5201358563803978 0.45907513156421453 0.5278990781174187 0.46616653603553165 0.5276564774381368 0.47810995409248686 0.5289999999999999 0.4897435897435897 0.5342066957787481 0.4893069085208823 0.536 0.47205128205128205 0.5398333333333333 0.46307692307692305 0.54 0.4571794871794872 0.5308333333333334 0.45461538461538464 0.5313333333333333 0.44743589743589746 0.5271666666666667 0.4423076923076923 0.5333333333333333 0.437948717948718 0.535 0.43410256410256415 0.5205761316872428 0.4340332735394464 0.5205761316872428 0.44247476346241776 0.5041928721174004 0.46014083749932805 0.4814814814814815 0.47448207942035103 0.46785464709993 0.48164274579368915 0.4570230607966457 0.48164274579368915 0.43352741387675886 0.5068488037920352 0.45916666666666667 0.4938461538461538 0.4783368273934311 0.49024350911143355 0.4901666666666667 0.4856410256410257 0.495147986414362 0.5019967902063972 0.5008333333333334 0.5038461538461538 0.5092188258127123 0.51991191729183
1 0.6783333333333333 0.7138461538461538 0.6896666666666667 0.7135897435897436 0.6903333333333334 0.721025641025641 0.6826666666666668 0.7217948717948718
1 0.686 0.7253846153846153 0.6871666666666667 0.7302564102564103 0.6945 0.7294871794871794 0.6945 0.724102564102564
1 0.2149449769258076 0.14636410802544986 0.21423500177493787 0.13981049124819092 0.2250621228257011 0.13653368285956144 0.2286119985800497 0.1458179732940116 0.2406815761448349 0.14636410802544986 0.2387291444799432 0.15319079216842796 0.2310969116080937 0.1551022637284618 0.22470713525026625 0.1490947816826411 0.22168974085906992 0.1441795690996969
1 0.2406815761448349 0.15892520684852954 0.24423145189918352 0.15182545533983233 0.25115370962016326 0.15046011851123672 0.2547035853745119 0.1586521394828104 0.2610933617323394 0.15892520684852954 0.2534611288604898 0.1682094972829797 0.24973375931842384 0.1575598700199339 0.2490237841675541 0.16520575626006936 0.24281150159744408 0.16438655416291195
1 0.31316666666666665 0.48 0.3175182481751824 0.48427849522740035 0.32316666666666666 0.4776923076923077 0.3287104622871046 0.478663672094329 0.3343065693430657 0.4723002058768482 0.3506082725060827 0.46256784577952464 0.3408759124087591 0.4633164888639341 0.3287104622871046 0.4696799550814149 0.3199513381995133 0.47005427662361965 0.31557177615571774 0.4752947782144862
1 0.8466666666666667 0.8925641025641026 0.8561666666666667 0.8943589743589744 0.87 0.8933333333333333 0.8965 0.8915384615384615 0.9076666666666667 0.8907692307692308 0.9295000000000001 0.8884615384615384 0.9476666666666667 0.8876923076923077 0.9565 0.8846153846153846 0.9703333333333334 0.8833333333333333 0.9854999999999999 0.8812820512820513 0.9953333333333334 0.8753846153846153 0.9858333333333333 0.8743589743589744 0.9510000000000001 0.8787179487179487 0.9483333333333334 0.8817948717948717 0.9211666666666667 0.8843589743589743 0.8815 0.8876923076923077 0.8523333333333333 0.8897435897435897
1 0.8343333333333334 0.9405128205128206 0.8414999999999999 0.946923076923077 0.8596666666666666 0.9474358974358974 0.8978333333333334 0.9402564102564103 0.9028333333333334 0.9446153846153845 0.9076666666666667 0.941025641025641 0.9151666666666667 0.9379487179487179 0.9123333333333333 0.9338461538461538 0.9039999999999999 0.9382051282051281 0.8995000000000001 0.934871794871795 0.8596666666666666 0.9428205128205128 0.8481666666666666 0.9428205128205128
1 0.943 0.9394871794871794 0.9423333333333332 0.9312820512820512 0.9498333333333333 0.9248717948717948 0.9565 0.9230769230769231 0.9618333333333333 0.9187179487179488 0.9628333333333334 0.9238461538461539 0.9661666666666667 0.9197435897435897 0.9721666666666666 0.9202564102564103 0.9783333333333334 0.9176923076923076 0.9813333333333333 0.9202564102564103 0.9820000000000001 0.9299999999999999 0.9741666666666666 0.9284615384615386 0.9763333333333333 0.9228205128205128 0.9688333333333332 0.9253846153846154 0.9664999999999999 0.9341025641025641 0.9631666666666666 0.9343589743589743 0.9635 0.9287179487179487 0.9583333333333334 0.9276923076923077 0.9516666666666667 0.9415384615384615 0.9428333333333334 0.9538461538461539 0.9458333333333333 0.9456410256410257 0.9548333333333333 0.9279487179487179 0.9491666666666667 0.9305128205128205 0.9463333333333332 0.938974358974359
1 0.78 0.8400000000000001 0.7776666666666667 0.8438461538461539 0.7785000000000001 0.8492307692307692 0.7818333333333334 0.8487179487179487 0.7836666666666666 0.8456410256410257 0.7861666666666667 0.847948717948718 0.7893333333333333 0.8458974358974358 0.7918333333333334 0.847948717948718 0.7956666666666666 0.8476923076923077 0.7923333333333333 0.8405128205128205 0.7888333333333334 0.8415384615384615 0.7861666666666667 0.8384615384615385 0.7839999999999999 0.8423076923076923
