1 0.4472271914132379 0.37659947716015413 0.4705607840087112 0.3808991469455146 0.4987555417282414 0.3817590809025867 0.5804231158123979 0.3817590809025867 0.5959788442093801 0.3869186846450193 0.6450766119623551 0.3912183544303797 0.648479427549195 0.38261901485965877 0.5984094267714085 0.3774594111172262 0.5862565139612662 0.3722998073747936 0.4545189390993233 0.3731597413318657
1 0.5429921443571596 0.5305276554760595 0.5391032122579139 0.5339673913043479 0.5293808820098 0.5331074573472758 0.5313253480594229 0.5408468629609247 0.5794508827875865 0.5451465327462851 0.5672979699774442 0.5382670610897083 0.5882009800108889 0.5391269950467804 0.5828536983744264 0.5296677215189874
1 0.6003538928210314 0.5752442212438086 0.6047289414326826 0.5812637589433132 0.6149373881932021 0.5821236929003852 0.6197985533172591 0.5881432305998899 0.6397293303258924 0.589003164556962 0.6475071945243837 0.5821236929003852 0.6353542817142412 0.5752442212438086
1 0.5794508827875865 0.5012899009356082 0.5852842809364548 0.5064495046780407 0.6241758241758242 0.5117540687160941 0.6650651673907487 0.5215189873417722 0.7136190402115579 0.5288077875619153 0.7290569895221058 0.5320072332730561 0.7282392026578073 0.5240506329113924 0.6624073600817787 0.5135623869801085 0.5851265014055712 0.4990958408679928
1 0.652260258758846 0.7414611887580064 0.657992409676826 0.7494887698365753 0.6658741171890487 0.7490662655692822 0.6663517964322136 0.7401936759561272 0.6560816927041659 0.7376586503523686
1 0.6713674284854462 0.7224484967298169 0.6720839473501937 0.7279410522046272 0.6861754850235615 0.7287860607392135 0.6866531642667264 0.7220259924625239 0.6735169850796887 0.7199134711260583
1 0.7852939279803004 0.7469537442328168 0.7883988430608729 0.7444187186290581 0.8044010977069007 0.7427287015598857 0.8053564561932307 0.748221257034696 0.8008185033831632 0.7507562826384546 0.7872046449529605 0.7503337783711616
1 0.7301219753947421 0.6780855486640415 0.7430193149601972 0.6827330956042655 0.7707247110637677 0.6852681212080242 0.8079836920306382 0.6886481553463689 0.8091778901385507 0.6852681212080242 0.7941309939788531 0.6789305571986277 0.7391978810148772 0.6751280187929898 0.7062380132364918 0.6687904547835933 0.6747111831876013 0.6616078822396106 0.6403182776797207 0.654425309695628 0.6484388248135259 0.6611853779723175
1 0.6787714567545038 0.6975207449595241 0.6813986925919114 0.6920281894847138 0.6950125510221141 0.6937182065538862 0.6942960321573666 0.7000557705632827
1 0.7145973999918793 0.7237160095316962 0.7157915980997919 0.7300535735410927 0.722001428260937 0.7245610180662825
1 0.8053564561932307 0.7030133004343343 0.8036845788421532 0.7097733687110239 0.8144323618133659 0.7093508644437309 0.8237471070550835 0.7118858900474895 0.8323453334320536 0.7190684625914722 0.8445261541327613 0.7317435906102652 0.8526467012665665 0.7304760778083857 0.8495417861859939 0.7224484967298169 0.8519301824018188 0.7152659241858342 0.850974823915489 0.7106183772456102 0.8282850598651511 0.7101958729783171 0.8201645127313459 0.7042808132362137
1 0.5247860853072398 0.7644120786945249 0.545692609435955 0.7678435260027452 0.5620729788563916 0.7712749733109654 0.6581998836131647 0.7895760256214732 0.6293187059508158 0.7773753240811347 0.556253637088605 0.7632682629251182 0.502155311765847 0.7556428244624066
1 0.612291743000625 0.8593487875552843 0.6191887406513352 0.8646865944791825 0.6566911653770718 0.8726933048650296 0.6588464771429188 0.8684993137105382 0.6388020777205423 0.8623989629403689 0.6163868353557342 0.8562986121701998
1 0.60884324417527 0.8932819887143509 0.6176800224152424 0.903195058715876 0.6508718236092852 0.9100579533323165 0.6888053106881911 0.9199710233338416 0.7782507489708387 0.9470413298764677 0.8429101019462466 0.9558105841085861 0.8450654137120934 0.9485664175690101 0.8252365454663018 0.9470413298764677 0.7696295019074509 0.9390346194906207 0.6920382783369614 0.9142519444868078 0.621559583593767 0.8986197956382491
1 0.38377293339435037 0.6260119222843686 0.3988538503140991 0.6365911098027671 0.4586574863751717 0.6467103326464527 0.46853808711569667 0.6430306152487489 0.4500769646794525 0.6365911098027671
1 0.46333777093647294 0.5951942890785988 0.4648978657902401 0.6025537238740064 0.4960997628655822 0.6034736532234325 0.49635977867454345 0.5947343244038859
1 0.39807380288721556 0.5634567265234031 0.4199151308399551 0.5712761259935237 0.46671797645296836 0.5735759493670886 0.4677580396888131 0.5662165145716809 0.4063943087739735 0.5616168678245511
1 0.4144547988517702 0.4236274654106565 0.5007800474268835 0.4217876067118045 0.5013000790448059 0.4273071828083603 0.4503369804884137 0.4291470415072123 0.44461663269126767 0.4309869002060642 0.4128947039980031 0.4305269355313512 0.38195282273162207 0.42776714748307326 0.38377293339435037 0.4227075360612305
1 0.44305653783750054 0.44156608772446276 0.4758185297666098 0.4434059464233147 0.487259225360902 0.4558249926405652 0.491679494113242 0.461344568737121 0.4968798102924658 0.4664041801589638 0.4973998419103881 0.47468354430379744 0.5031201897075342 0.47238372093023256 0.5002600158089612 0.461344568737121 0.491679494113242 0.4526052399175743 0.48283895660856185 0.44386591109802764 0.5611037151058784 0.44524580512216666 0.6300079044805924 0.4484655578451575 0.5717643632732871 0.43880629967618484 0.4539772018138703 0.43650647630262
1 0.5897054540916088 0.41350824256697083 0.5985459915962891 0.4190278186635266 0.6333881099970878 0.4227075360612305 0.6396284894121562 0.42592728878422137 0.6526292798602155 0.4222475713865176 0.6440487581644964 0.4190278186635266 0.6263676831551359 0.4148881365911098
1 0.5663752658048401 0.47766897540004777 0.5886522428865563 0.4824456651540482 0.6323061171678986 0.48722235490804866 0.6716846120093158 0.49478544701854943 0.6818105106828231 0.4959796194570496 0.6847357702996141 0.5019504816495501 0.691711389385808 0.5011543666905501 0.691711389385808 0.49319321710054936 0.6561582340432713 0.48523206751054854
1 0.3334879303871552 0.21132642253129827 0.332997146089308 0.22087652584605233 0.3369234204720854 0.22348109947734887 0.337168812621009 0.23216301158167074 0.33545106757854387 0.24692226215901786 0.3415858713016336 0.2512632182111788 0.34330361634409867 0.2456199753433696 0.33888655766347414 0.2386744456599121 0.3406043027059392 0.22608567310864544 0.3725052820660056 0.19743536316438332 0.37348685066169995 0.18831935545484538 0.3511561651096535 0.2039467972426247 0.3450213613865638 0.20438089284784078 0.3452667535354874 0.21479918737302703 0.34207665559948075 0.20524908405827297
1 0.7423203286438486 0.47896139415828043 0.7430636425353941 0.4877274799256636 0.7561955212860321 0.4872891756372945 0.7616464898240328 0.49079560994424776 0.774530597277489 0.4912339142326169 0.7725484269000342 0.48509765419544865 0.7648675166873968 0.48509765419544865 0.7601598620409417 0.48071461131175713
1 0.6579606440071557 0.3860759493670886 0.6579606440071557 0.3924050632911392 0.6652951699463326 0.39208860759493674 0.6631484794275492 0.385126582278481
1 0.7940966010733452 0.865506329113924 0.8071556350626118 0.864873417721519 0.8164579606440071 0.8680379746835444 0.8407871198568873 0.8718354430379747 0.8334525939177102 0.864873417721519 0.8221824686940966 0.8629746835443037 0.8148479427549195 0.8604430379746835 0.8032200357781754 0.8591772151898734
1 0.8894454382826475 0.9253164556962025 0.8926654740608229 0.930379746835443 0.8974955277280858 0.9278481012658227 0.9019677996422182 0.9300632911392405 0.9071556350626119 0.9313291139240507 0.9125223613595707 0.9360759493670886 0.9171735241502684 0.9360759493670886 0.9153846153846154 0.9300632911392405 0.9094812164579607 0.9265822784810127 0.9055456171735241 0.9227848101265823
1 0.9116279069767442 0.7193037974683545 0.9298747763864043 0.7183544303797469 0.9268336314847944 0.7129746835443038 0.9137745974955277 0.7117088607594937
