0 0.43345268267825293 0.7319554983216872 0.3975808290085958 0.7683717199012012 0.40064735138548985 0.7392394051120593 0.40064735138548985 0.7071336840797051 0.39476745332308116 0.6912691269126914 0.40265373316772146 0.6423849281479872 0.42564669350806555 0.5818178052114835 0.4434093839635799 0.5445337420771366 0.4549003371384634 0.5322014960116701 0.46463102278365587 0.5145137114990818 0.4687013268665839 0.5275458580340793 0.4753590537876654 0.5298190799890224 0.4817288221962961 0.522958052734911 0.48407557897842324 0.5118748548628851 0.4783763125075432 0.5065971415904917 0.46697777956578296 0.5044860562815344 0.4689892853790347 0.4986805716819017 0.46463102278365587 0.48443074584643975 0.5021791312976894 0.5171525681352784 0.487092837698301 0.5414300491882877 0.4984913706400611 0.5440689058244844 0.49078059835592924 0.5567354176782284 0.4914511002936799 0.570457472186451 0.484197784268835 0.5818178052114835 0.45788268729770265 0.6605286051617714
1 0.2543958720878732 0.1733806303165527 0.2657454158915759 0.16466497001812852 0.2687904154486669 0.16030713986891643 0.2818008681016919 0.15682087574954676 0.28650677650810524 0.16422918700320732 0.2881676853574276 0.1720732812717891 0.29647222960403935 0.18209629061497695 0.2934272300469484 0.18645412076418905 0.28678359464965897 0.17904580951052848 0.28539950394189034 0.18427520568958303 0.27875586854460094 0.18645412076418905 0.2746035964212951 0.1921192999581648 0.28872132164053504 0.19734869613721928 0.2903822304898574 0.209114837540092 0.30975950039861816 0.22393146004741316 0.3307976791567012 0.23482603542044342 0.32055540791921344 0.23526181843536464 0.2939808663300558 0.22000941291312226 0.28567632208344407 0.21260110165946167 0.2862299583665515 0.20344965834611625 0.2729426875719727 0.19952761121182536
1 0.31084905660377354 0.21806930693069307 0.29748427672955974 0.2099009900990099 0.29544025157232706 0.200990099009901 0.29669811320754713 0.18613861386138614 0.3009433962264151 0.18193069306930693 0.29952830188679247 0.19554455445544555 0.300314465408805 0.20495049504950494
1 0.3072327044025157 0.16806930693069308 0.3086477987421384 0.174009900990099 0.31116352201257863 0.17772277227722771 0.3091194968553459 0.18267326732673267 0.30550314465408807 0.17599009900990098
1 0.28820754716981134 0.15990099009900988 0.29544025157232706 0.17301980198019803 0.29779874213836477 0.1673267326732673 0.2970125786163522 0.15990099009900988 0.2952830188679246 0.16435643564356436 0.2930817610062893 0.1608910891089109 0.29371069182389936 0.15643564356435644 0.2908805031446541 0.1551980198019802
1 0.3738993710691824 0.3371287128712871 0.3709119496855346 0.3450495049504951 0.3721698113207547 0.3655940594059406 0.37657232704402516 0.35816831683168315
1 0.7213836477987422 0.16633663366336635 0.7213836477987422 0.15792079207920792 0.7231132075471698 0.148019801980198 0.7264150943396226 0.15222772277227722 0.7246855345911949 0.17623762376237626 0.729874213836478 0.1910891089108911 0.7295597484276729 0.19777227722772278 0.7243710691823899 0.18787128712871287 0.7226415094339623 0.18044554455445547 0.719811320754717 0.18292079207920794 0.7168238993710692 0.1589108910891089
1 0.19378680447061652 0.6376889281284817 0.2004633524282605 0.6390027537785625 0.2004633524282605 0.6432069958588215 0.20747372778378667 0.6432069958588215 0.21915768670966362 0.6316453301381093 0.20413545380496467 0.6324336255281579 0.1954559414600275 0.6337474511782387
1 0.005345911949685534 0.30816831683168316 0.0036163522012578613 0.31633663366336634 0.004088050314465409 0.3202970297029703 0.007075471698113208 0.3212871287128713 0.011949685534591194 0.31485148514851485 0.017767295597484276 0.31064356435643564 0.018081761006289308 0.3071782178217822
1 0.2572114104933342 0.26009553796975826 0.29333500642619753 0.2993044165359704 0.2954263725065212 0.293617632621787 0.2942856273717992 0.28673363104145966 0.2870609081852265 0.2861350222083877 0.27470283589240485 0.2708704969650532 0.26899911021879486 0.2588983203036144 0.2612040184648612 0.2550073628886468
1 0.29921760743961545 0.30740561021691326 0.30725139525580236 0.3156650388709361 0.3080711695227602 0.30947046738041895 0.3087269889363265 0.3027596815990254 0.30413625304136255 0.2988880744174522
0 0.4753653482956524 0.4819588372831452 0.48086620092781046 0.4927835349132581 0.4863670535599684 0.4913402418959097 0.4923263105781396 0.5 0.5097456772466399 0.4790722512484485 0.5271650439151401 0.45381462344485174 0.54595962374168 0.43721675374534535 0.5752975044465225 0.3975261957682649 0.5931752755010359 0.3729902144733424 0.6238883693639181 0.33907282856565546 0.6660615728771292 0.30876367520133935 0.7073179676183141 0.28783592644978784 0.7490327667455122 0.2813411078717201 0.7696609641161046 0.28711427994111366 0.7994572492069604 0.31958837283145225 0.8182518290335002 0.35422740524781343 0.8292535342978161 0.3859798516294778 0.8278783211397767 0.41340241895909713 0.8466729009663164 0.3917530236988713 0.8585914150026587 0.3383511820569812 0.8631754588627905 0.27989781485437176 0.8636338632488034 0.21061975002164943 0.8636338632488034 0.18680541523540112 0.8728019509690669 0.144949917732298 0.8718851421970406 0.1131974713506336 0.8333791737719347 0.14062003868025288 0.8274199167537635 0.13268192708483675 0.8054165062251315 0.1384550991542303 0.7559088325357097 0.18319718269203014 0.7449071272713937 0.20051669890021073 0.7481159579734858 0.2207228011430881 0.734363826393091 0.23082585226452676 0.7334470176210646 0.212784689547672 0.7031923281441956 0.2207228011430881 0.6857729614756954 0.21134139653032358 0.6697288079652346 0.20628987096960427 0.6367236921722866 0.22288774066911066 0.6147202816436548 0.24525878243801058 0.6060105983094046 0.2604133591201686 0.6005097456772467 0.24020725687729125 0.5936336798870492 0.21711456859971714 0.5812567614646937 0.2214444476517623 0.5675046298842987 0.258248419594146 0.5652126079542329 0.2827844008890685 0.5642957991822065 0.3138152007620587 0.534957918477364 0.33113471697023933 0.49828556759631076 0.3953612562422423 0.5001191851403635 0.4328868746933002 0.49140950180611326 0.46247438154894205
