1 0.4956217162872155 0.37506396042981416 0.5293008217701739 0.37335834896810516 0.5232385827832413 0.3818864062766502 0.5387309713054022 0.3938256865086134 0.546140374511653 0.38444482346921377 0.5508554492792671 0.3921200750469044 0.5447932102923346 0.41514582977997616 0.535255044887269 0.41998761510956634 0.5376216847320174 0.4040071113241845 0.5297328852495227 0.39651625017478676 0.5238162856376516 0.4050058928107708 0.5232385827832413 0.4245266928193758 0.5010103731644888 0.439877195974757 0.48417082042300963 0.4594917277844108 0.4680048497911896 0.4654613679003924 0.4618892097000678 0.4779169413315754 0.4565539539269838 0.4756950366706465 0.4659841034622121 0.4586389220535563 0.47608783510709957 0.4560805048609928 0.48349723831335045 0.4432884188981751 0.48080290987471375 0.4296435272045029 0.497642462616193 0.4339075558587755 0.49696888050653376 0.42537949855023033 0.47885012858743153 0.41749066139310037 0.4851611681734273 0.40850162801382306 0.49147220775942313 0.41449431693334127 0.4989665672677931 0.4060046742973572 0.497642462616193 0.3895616578543409
1 0.6747945574565539 0.3179259764625619 0.666711572140644 0.3400989254647792 0.6714266469082582 0.37335834896810516 0.6923076923076923 0.363124680197851 0.6916341101980332 0.3400989254647792 0.7030850060622391 0.31963158792427093
1 0.1987740805604203 0.5334811529933481 0.20041633789444643 0.5433590799444458 0.21485024024428576 0.547013961648108 0.2158125004009417 0.5433590799444458
1 0.20210157618213662 0.5186252771618626 0.20893169877408055 0.532150776053215 0.2115586690017513 0.524390243902439 0.21837852748535758 0.5254907693932084 0.21934078764201353 0.5210236917553991 0.22832188243746912 0.5218358876895463 0.22575585535305323 0.5145261242822218 0.21934078764201353 0.512495634446854 0.21681260945709283 0.5168514412416851 0.21100119961766192 0.5165566141175897 0.209397432689902 0.5210236917553991
1 0.28990653246345016 0.4243723755918878 0.2995291340300097 0.4247784735589613 0.3120385160665371 0.4085345548760183 0.3171705702353688 0.3971638117979581 0.32454789810306445 0.3890418524564866 0.3069064618977053 0.38660526465404516 0.3094724889821212 0.39553941992966385 0.3001706408011136 0.4085345548760183 0.3014536543433216 0.4138138284479748
1 0.26713304208925925 0.4556419190565532 0.2764348902702668 0.4564541149907004 0.272906603029195 0.4645760743321719 0.27258584964364296 0.47269803367364344 0.2812461910535466 0.4804138950480414 0.27451036995695494 0.48366267878463004 0.26456701500484336 0.47472852350901135
1 0.3710571390081022 0.48812975642243933 0.3838872744301816 0.48203828691633566 0.40075101371073346 0.4824114580212141 0.40075101371073346 0.48690597471085273 0.38645330151459745 0.49137854015902793
1 0.5042031523642732 0.5713968957871397 0.5163584226631512 0.5644761742322718 0.5266225310008148 0.5567603128578739 0.5320753385551985 0.5673188600017869
1 0.49005664504788854 0.6063042648408501 0.5086603414099036 0.6087408526432917 0.5054528075543837 0.6111774404457331 0.4932641789034083 0.6123957343469539 0.4846038374935047 0.6115835384128067
1 0.643697516727289 0.48488097268585073 0.5912655212129817 0.4894029284273186 0.5967876808507281 0.48291084876450724 0.5853489216011106 0.47991450430474814 0.5872449208701398 0.47351022960779054 0.5782638260746842 0.4706675438382756 0.5869241674845878 0.46579436823339265 0.6058486172321549 0.45807850685899465 0.6369616956306974 0.4560480170236268 0.6353579287029375 0.4649821722992455 0.644339023498393 0.4629516824638776 0.6485088175105688 0.45442362515533247 0.6712823078847597 0.4406162942748309 0.6895652508612229 0.4361492166370215 0.6780181289813514 0.451987037352891
1 0.294646660671179 0.5538243343121392 0.31515753932566537 0.5543237250554323 0.3145359019264448 0.5490022172949002 0.29509632224168125 0.5483370288248337 0.2907022609299317 0.5518267713389664
1 0.737055859379197 0.37000258457687757 0.7531722411440482 0.36320106647803796 0.7589025102159954 0.3532255065997397 0.7721537574448731 0.34279651218151896 0.7710793319938829 0.3387156013222151 0.7517396738760614 0.34687742304082275
