1 0.3398514851485149 0.6654275092936803 0.33910891089108913 0.6791821561338289 0.3349009900990099 0.6672862453531598 0.3240870668713543 0.6697680214325766 0.3178217821782178 0.6821561338289963 0.30866336633663366 0.7059479553903346 0.3287128712871287 0.7059479553903346 0.3434465447185804 0.689497622063924 0.34275513479546516 0.7113040227617287 0.3531262836421934 0.7061120225955848 0.3593489729502303 0.7133808228281863 0.3724857614894195 0.7040352225291271 0.38147409048991726 0.7133808228281863 0.3913366336633663 0.7048327137546468 0.3849009900990099 0.6881040892193309 0.38762376237623763 0.6773234200743494 0.3997524752475248 0.6754646840148698 0.40396039603960393 0.6933085501858736 0.41237623762376235 0.6921933085501858 0.4101485148514851 0.6810408921933085 0.42945544554455445 0.6780669144981413 0.41386138613861384 0.6717472118959107 0.4146039603960396 0.6598513011152416 0.375990099009901 0.6646840148698885 0.3764851485148515 0.6527881040892193 0.36488025233515203 0.6552304209673735 0.3883881897210694 0.6313472202031111 0.3621146126426912 0.6386160204357126 0.3487623762376238 0.6672862453531598
1 0.35742574257425747 0.791449814126394 0.3611386138613861 0.78364312267658 0.37277227722772277 0.7784386617100372 0.3732673267326733 0.7684014869888476 0.43019801980198025 0.7434944237918215 0.4324257425742574 0.749814126394052 0.401980198019802 0.7635687732342008 0.40618811881188116 0.7691449814126394 0.41559405940594063 0.7643122676579925 0.4435643564356435 0.7654275092936803 0.4747524752475248 0.7605947955390334 0.4928217821782178 0.7572490706319702 0.45774456086385334 0.7549235451931522 0.43811881188118806 0.7555250778984854 0.4617498157582748 0.7477051527291538 0.4921897529558781 0.7471036200238207 0.521828639174597 0.751314348961153 0.5482633214777788 0.7537204797824859 0.5462606940305681 0.7591342741304845 0.5214281136851548 0.7591342741304845 0.5012376237623762 0.7587360594795539 0.5 0.7657992565055762 0.47376558044153927 0.7675557320051491 0.46415296869492767 0.7693603301211487 0.4685643564356436 0.7743494423791822 0.4644841551409827 0.7787079427665042 0.453960396039604 0.7732342007434945 0.4320084709683758 0.7754290257927806 0.4150990099009901 0.7817843866171004 0.3920792079207921 0.7825278810408922 0.3920792079207921 0.8022304832713755 0.38452301680002615 0.8037096846911465 0.3787128712871287 0.7881040892193308
1 0.38613861386138615 0.733828996282528 0.40767326732673265 0.7364312267657992 0.4246400384250112 0.7221466249697724 0.4328271856954163 0.7172282495091872 0.43228137587738924 0.7090309570748782 0.41890903533572765 0.7164085202657562 0.41386138613861384 0.7182156133828996 0.40963026842926853 0.7110802801834554 0.404445075158012 0.7123098740486017 0.408265743884201 0.7254255419434961
1 0.4457920792079208 0.803717472118959 0.4544554455445544 0.8052044609665427 0.4737623762376238 0.7985130111524164 0.472029702970297 0.7929368029739777 0.449009900990099 0.7944237918215613
1 0.5170792079207921 0.7840148698884759 0.5252475247524753 0.7925650557620817 0.5683168316831683 0.7877323420074349 0.5641089108910892 0.78364312267658 0.5294554455445545 0.7847583643122676 0.5222772277227723 0.779182156133829 0.5168316831683168 0.7802973977695168
1 0.4970297029702971 0.4438661710037175 0.5017326732673267 0.44646840148698885 0.5155940594059406 0.4256505576208178 0.528960396039604 0.4026022304832714 0.5376237623762375 0.38513011152416354 0.5101485148514852 0.3869888475836431 0.5136138613861386 0.39479553903345727 0.5222772277227723 0.3955390334572491 0.5180693069306931 0.40446096654275093 0.5121287128712871 0.4029739776951673 0.5099009900990099 0.4174721189591078
1 0.36534653465346534 0.8152416356877323 0.36460396039603965 0.8464684014869888 0.3688118811881188 0.8472118959107807 0.3717821782178218 0.8215613382899628 0.37425742574257426 0.8472118959107807 0.37846534653465347 0.8676579925650558 0.3777227722772277 0.820446096654275 0.39529702970297026 0.8148698884758364 0.400990099009901 0.8174721189591079 0.40470297029702973 0.8111524163568773 0.4254950495049505 0.80817843866171 0.4267326732673267 0.8022304832713755 0.4084158415841584 0.8014869888475836 0.4027227722772277 0.8044609665427509 0.3866336633663366 0.8085501858736059 0.375 0.8111524163568773
0 0.18721872187218722 0.9883406556269008 0.22772277227722776 0.9393376140588037 0.23559855985598557 0.9646840148698885 0.25022502250225026 0.9241297735721528 0.286334188974453 0.8875808894396255 0.308641975308642 0.8683051080820597 0.35148514851485146 0.8447110510307537 0.3725247524752475 0.8550185873605948 0.375990099009901 0.8728624535315985 0.374009900990099 0.9962825278810409 0.1962196219621962 0.9962825278810409
1 0.45717821782178214 0.8743494423791821 0.46707920792079205 0.8758364312267658 0.46905940594059403 0.9721189591078067 0.4628712871287129 0.9843866171003718 0.4623762376237624 0.9680297397769516 0.4631188118811881 0.9576208178438662 0.45717821782178214 0.950185873605948
1 0.5326732673267326 0.9152416356877323 0.5413366336633663 0.9260223048327137 0.5465346534653466 0.9215613382899629 0.5467821782178218 0.9018587360594795 0.5415841584158416 0.8825278810408922 0.5438118811881187 0.8635687732342008 0.5440594059405941 0.8453531598513011 0.5378712871287129 0.8390334572490706 0.5324257425742575 0.8483271375464684 0.5344059405940594 0.870631970260223
1 0.3193069306930693 0.858364312267658 0.33663366336633666 0.8483271375464684 0.3373762376237624 0.8286245353159851 0.3450495049504951 0.8200743494423791 0.3455445544554455 0.7858736059479554 0.354950495049505 0.7810408921933085 0.3665841584158416 0.7724907063197026 0.3863861386138614 0.749814126394052 0.3841584158415841 0.7479553903345725 0.373019801980198 0.7594795539033458 0.3641089108910891 0.7687732342007435 0.35000000000000003 0.7739776951672862 0.34059405940594056 0.7728624535315985 0.33391089108910893 0.7795539033457248 0.3319306930693069 0.8200743494423791 0.3309405940594059 0.8464684014869888 0.327970297029703 0.8486988847583643 0.3274752475247525 0.8189591078066915 0.3292079207920792 0.7936802973977695 0.3292079207920792 0.7739776951672862 0.3207920792079208 0.7962825278810408 0.31980198019801975 0.8230483271375465
1 0.3878712871287128 0.8211895910780669 0.39158415841584154 0.8200743494423791 0.394059405940594 0.8661710037174721 0.39801980198019804 0.9438661710037175 0.4069255718675316 0.9962825278810409 0.40222772277227725 0.9962825278810409 0.39455445544554457 0.9486988847583643 0.3910891089108911 0.8929368029739777 0.38910891089108907 0.8505576208178439
1 0.2633663366336634 0.9063197026022305 0.2633663366336634 0.8810408921933085 0.2742574257425742 0.8788104089219331 0.2742574257425742 0.8587360594795539 0.27574257425742577 0.8453531598513011 0.278960396039604 0.8423791821561338 0.2804455445544554 0.8483271375464684 0.2794554455445545 0.8721189591078067 0.28440594059405944 0.8724907063197026 0.2829207920792079 0.8866171003717472
1 0.637128712871287 0.916728624535316 0.625990099009901 0.9092936802973978 0.6294554455445545 0.8617100371747213 0.6358910891089108 0.8178438661710037 0.6470297029702969 0.8241635687732342 0.6391089108910891 0.8412639405204462 0.6376237623762376 0.8825278810408922
1 0.5856435643564356 0.9278810408921933 0.5839108910891089 0.9096654275092937 0.5772277227722772 0.8892193308550186 0.5868811881188118 0.8899628252788104 0.599009900990099 0.8758364312267658 0.6037128712871287 0.8654275092936803 0.6004950495049505 0.8449814126394053 0.6076732673267327 0.8431226765799257 0.6111386138613861 0.8657992565055762 0.6094059405940594 0.8828996282527881 0.5913366336633663 0.9092936802973978
1 0.5522277227722772 0.8531598513011153 0.5509900990099009 0.8657992565055762 0.5564356435643565 0.8780669144981412 0.556930693069307 0.9033457249070632 0.5621287128712871 0.8907063197026022 0.5601485148514852 0.879182156133829 0.5603960396039604 0.8676579925650558
1 0.4821782178217822 0.6654275092936803 0.5007425742574257 0.6661710037174721 0.5146039603960396 0.6661710037174721 0.5381188118811882 0.6591078066914499 0.568069306930693 0.6591078066914499 0.58490099009901 0.6568773234200743 0.5841584158415841 0.6524163568773235 0.5658415841584158 0.6531598513011152 0.5549504950495049 0.6498141263940521 0.5393564356435644 0.6501858736059479 0.5143564356435644 0.6602230483271375 0.4948019801980198 0.6591078066914499
