0 0.5598179121272568 0.45598847557263456 0.550866963326684 0.4652948772136634 0.5189651618223047 0.4507712504102396 0.3447393529360742 0.45035279109375104 0.29055690072639223 0.48155173468763385 0.27562550443906375 0.5347855350914764 0.30952380952380953 0.5941381631279447 0.45762711864406774 0.6161659426053967 0.5961904761904762 0.6140794223826714 0.6467738610595754 0.6117414474815197 0.6826150887908607 0.6088306164624369 0.8596312634317385 0.5873929186996749 0.884515326320552 0.5822478712366123 0.8901707951589187 0.5556651260107874 0.884515326320552 0.504214651380159 0.8811220450175319 0.4802044298858657 0.884515326320552 0.4690568270492296 0.8800061377934632 0.4629682768034062 0.8779602066390465 0.4509475080170773 0.8715077479923086 0.4467616213759572 0.85750089509488 0.43194693799997674 0.6752629793009841 0.43818654227085246 0.6741318855333107 0.4476191292864677 0.6458545413414771 0.44847663719697817 0.6385024318516005 0.435614018539321 0.6345436036647438 0.4459041134654467 0.618708290917317 0.4424740818234048 0.613267863536392 0.4509475080170773 0.5984348626668713 0.4528863416922916 0.5779889152810768 0.43818654227085246 0.5772083269397984 0.4544374086324631 0.5685131195335277 0.45017197454699154
1 0.8491410665323709 0.7627467366911724 0.860612164959991 0.7576561021860033 0.869845000279783 0.7495959308861523 0.8807565329304461 0.7474748331756651 0.8877511051424095 0.742384198670496 0.8871915393654524 0.7258396365286963 0.8818756644843602 0.7368693446232294 0.8628504280678194 0.742384198670496
1 0.8538095238095239 0.7707581227436823 0.8504761904761905 0.7740072202166065 0.8521428571428571 0.7844765342960289 0.8588095238095238 0.7851985559566786 0.8664285714285713 0.7765342960288808 0.8623809523809524 0.7707581227436823
1 0.2654761904761905 0.6494584837545126 0.26952380952380955 0.6754512635379061 0.28095238095238095 0.6859205776173285 0.28071428571428575 0.6779783393501806 0.2733333333333333 0.6685920577617328 0.26952380952380955 0.6472924187725633
1 0.30880952380952376 0.6379061371841155 0.3130952380952381 0.6772563176895307 0.32166666666666666 0.696028880866426 0.32166666666666666 0.6805054151624549 0.3140476190476191 0.6433212996389891
1 0.34428571428571425 0.6277978339350181 0.3423809523809524 0.6545126353790615 0.34809523809523807 0.6740072202166064 0.3476190476190476 0.6953068592057762 0.3514285714285714 0.6895306859205776 0.3488095238095238 0.6541516245487364
1 0.0011904761904761906 0.6548736462093863 0.023809523809523808 0.6711191335740072 0.04833333333333333 0.671841155234657 0.05047619047619047 0.6570397111913358 0.05952380952380952 0.6555956678700361 0.06 0.6454873646209387 0.05 0.6458483754512636 0.05071428571428572 0.615884476534296 0.06619047619047619 0.6140794223826714 0.06595238095238096 0.603610108303249 0.011666666666666667 0.6018050541516246 0.011428571428571429 0.6119133574007221 0.0007142857142857143 0.6111913357400722
1 0.16898643825838683 0.878949280683988 0.16439787906597322 0.8870662265478243 0.17051595798919134 0.9330622531095633 0.17306515754053223 0.9547074420797934 0.17625602703608204 0.9963898916967509 0.18224227592535938 0.9963898916967509 0.18071275619455487 0.9682356851861873 0.17688895686754355 0.9427252838998446 0.1758692770470072 0.9280374770986171 0.17102579789945954 0.8901583964007143
1 0.09811869073111042 0.7707233358328373 0.09480473131436726 0.7560355290316098 0.09556949117976953 0.7432803283884384 0.0960793310900377 0.7332307763665459 0.09913837055164676 0.728979042818822 0.10398184969919444 0.732071212671712 0.10372692974406034 0.741347722230382 0.10015805037218312 0.7459859770097171 0.10143265014785355 0.7656985598218911
1 0.9061904761904762 0.4072202166064982 0.8988095238095238 0.40974729241877256 0.8985714285714285 0.4166064981949459 0.9030952380952382 0.4223826714801444 0.9002380952380953 0.43501805054151627 0.9069047619047619 0.4368231046931408 0.9126190476190477 0.4465703971119134 0.9107142857142857 0.45884476534296026 0.9181116055444734 0.4800300131452924 0.9298757096823691 0.47227467844443505 0.9262953301621399 0.4544374086324631 0.9245051404020255 0.46684594415383485 0.9188788297273797 0.4699480780341779 0.9173809523809524 0.45559566787003614 0.9145238095238096 0.4393501805054152 0.9133333333333334 0.42635379061371836 0.9083333333333333 0.4166064981949459
1 0.9030952380952382 0.3483754512635379 0.9104761904761904 0.3548736462093863 0.9166666666666666 0.3787003610108303 0.9214285714285714 0.38122743682310467 0.9183333333333333 0.36425992779783395 0.9130952380952381 0.3498194945848376 0.910952380952381 0.3379061371841155 0.9028571428571428 0.33935018050541516
1 0.8321428571428572 0.2444043321299639 0.8369047619047619 0.2563176895306859 0.835952380952381 0.2649819494584838 0.8452380952380952 0.2545126353790614 0.8419047619047619 0.251985559566787 0.8385714285714285 0.24729241877256317
1 0.9188788297273797 0.4947651490769213 0.93243312362539 0.49515291581196424 0.9270625543450463 0.48700981437606405 0.9199017953045879 0.48700981437606405
1 0.9847619047619048 0.4083032490974729 0.9852380952380952 0.41985559566787 0.99 0.4259927797833935 0.9928571428571429 0.4191335740072202 0.9916666666666667 0.40866425992779787
1 0.8873809523809524 0.2870036101083033 0.8861904761904762 0.2967509025270758 0.8895238095238096 0.3083032490974729 0.8928571428571429 0.2992779783393502 0.8916666666666667 0.29097472924187723
