1 0.3361925526421482 0.7030293264582661 0.3402088473234265 0.7105489311419056 0.3369575611528679 0.7151144054141154 0.3398263430680667 0.721291223547105 0.34212136860022574 0.7231711247180148 0.34575515902614423 0.750832527661403 0.3465201675368639 0.7578150177247824 0.3514927228565418 0.7709743259211516 0.35837779945301895 0.7715114405414115 0.36373285902805674 0.7623804919969921 0.34996270583510247 0.7537866580728326 0.348623940941343 0.7425072510473736 0.35302273987798116 0.7392845633258137 0.3472851760475836 0.7344505317434741 0.3447988983877446 0.7229025674078848 0.3513014707288619 0.7229025674078848 0.3503452100904623 0.7172628638951553 0.3444163941323848 0.7159200773445052 0.346137663281504 0.7137716188634654 0.36258534626197725 0.7199484369964549 0.36468911966645634 0.7148458481039854 0.34499015051542453 0.7089375872811259 0.339061334557347 0.7000751960468364
1 0.30750473349016016 0.7680201955097218 0.31037351540535896 0.7750026855731013 0.31037351540535896 0.7822537329466108 0.31400730583127745 0.7835965194972606 0.31496356646967705 0.7809109463959609 0.32146613881079433 0.7849393060479106 0.327012450513512 0.7844021914276507 0.327012450513512 0.7792996025351809 0.31993612178935493 0.779031045225051
1 0.30616596859640066 0.7392845633258137 0.3052097079580011 0.7511010849715329 0.30960850689463926 0.7527124288323128 0.3080784898731999 0.7578150177247824 0.3094172547669593 0.7621119346868621 0.3155373228527168 0.7618433773767322 0.31878860902327544 0.7594263615855624 0.31783234838487584 0.7564722311741325 0.33045498881175056 0.7540552153829627 0.32586493774743247 0.7575464604146526 0.32873371966263126 0.7674830808894618 0.33389752710998916 0.764260393167902 0.3381050739189474 0.7892362230099903 0.34078260370646624 0.7895047803201204 0.3310287451947903 0.734719089053604 0.3262474420027923 0.7365989902245139 0.32835121540727147 0.7465356106993233 0.3138160537035975 0.7465356106993233 0.3097997590223192 0.7384788913954238
1 0.2912483026373669 0.6533462240842196 0.29354332816952594 0.6640885164894189 0.29449958880792554 0.6721452357933183 0.29526459731864524 0.6775163819959179 0.2994721441276035 0.6861102159200773 0.3055922122133609 0.6853045439896874 0.2996633962552834 0.6780534966161779 0.2979421271061641 0.6643570737995489 0.29641211008472473 0.6541518960146094 0.2929695717864862 0.6493178644322699
1 0.32337866008759353 0.704909227629176 0.32031862604471484 0.7075948007304759 0.32070113030007463 0.7110860457621657 0.3256736856197526 0.7153829627242454
1 0.32930747604567107 0.3880116016757977 0.3356187962591084 0.38720592974540774 0.33791382179126744 0.38076055430228817 0.34671141966454383 0.38129766892254807 0.34996270583510247 0.3853260285744978 0.36564538030485594 0.38344612740358797 0.37444297817813227 0.3858631431947578 0.377503012221011 0.3893543882264476 0.3832405760514086 0.3880116016757977 0.38840438349876644 0.3931141905682673 0.3964369728613231 0.3928456332581373 0.40944211754355775 0.4014394671822967 0.418430967544514 0.4014394671822967 0.41766595903379433 0.39472553442904723 0.4075295962667585 0.39257707594800734 0.38974314839252594 0.3858631431947578 0.38381433243444835 0.3799548823718982 0.3731042132843728 0.3786120958212483 0.3549352611547804 0.3783435385111183 0.35091896647350207 0.37512085078955854 0.3327500143439096 0.3748522934794285 0.33141124945015016 0.38344612740358797
1 0.35015395796278237 0.33859705661188105 0.35302273987798116 0.3402084004726609 0.36048157285749804 0.3326887957890214 0.3616290856235776 0.32624342034590187 0.36545412817717604 0.3281233215168117 0.3731042132843728 0.33403158233967134 0.3796067856254901 0.3410140724030508 0.3811368026469295 0.33671715544097114 0.3690879186030945 0.32543774841551193 0.3633503547726969 0.31791814373187244 0.35742153881461936 0.31952948759265226 0.35723028668693946 0.32758620689655177 0.3524489834949414 0.33376302502954136
0 0.06373785626107026 0.2854612601748568 0.07715635231603242 0.24400813988543865 0.08923299876549837 0.21857099788965934 0.11137351725618592 0.19784443774495025 0.12277923890290378 0.18371269219173952 0.13888143416885834 0.1771178776002412 0.15498362943481295 0.1695809466385288 0.1697439750952713 0.19596020500452216 0.17846599753099673 0.22987639433222792 0.18316247115023349 0.27415586373228823 0.20463206483817295 0.3316249623153452 0.16571842627878267 0.3363355441664154 0.10801889324244539 0.3335091950557733 0.06843432988030702 0.30618782031956593
1 0.34991680532445923 0.6761682242990653 0.3544093178036606 0.6787383177570093 0.35823627287853577 0.6787383177570093 0.3623960066555741 0.680841121495327 0.3652246256239601 0.6799065420560748 0.3623960066555741 0.6731308411214953 0.356738768718802 0.6740654205607477 0.3520798668885191 0.6724299065420561
1 0.34176372712146424 0.6630841121495328 0.3455906821963394 0.6661214953271029 0.3490848585690516 0.6633177570093457 0.3557404326123128 0.6633177570093457 0.3628951747088186 0.6651869158878504 0.3668885191347754 0.6710280373831775 0.37753743760399333 0.6757009345794392 0.38519134775374375 0.6745327102803738 0.38186356073211314 0.669392523364486 0.37204658901830284 0.6679906542056074 0.36505823627287853 0.6607476635514019 0.3550748752079867 0.6579439252336449 0.3465890183028286 0.6593457943925234 0.34309484193011647 0.6595794392523365
1 0.3643926788685524 0.6495327102803738 0.36938435940099834 0.6518691588785047 0.37603993344425957 0.6518691588785047 0.37271214642262895 0.6467289719626168 0.36638935108153076 0.6467289719626168
1 0.3961730449251248 0.583411214953271 0.4038269550748752 0.586214953271028 0.4061564059900166 0.5829439252336449 0.3998336106489185 0.5787383177570093 0.3973377703826955 0.5801401869158879
1 0.27104825291181367 0.5654205607476636 0.2762063227953411 0.5731308411214954 0.28735440931780365 0.572429906542056 0.27853577371048255 0.5665887850467289 0.2747088186356073 0.5635514018691589
1 0.3219903399866619 0.6987636686972644 0.3238428530047761 0.6897773279352227 0.32081146806604377 0.679372091263385 0.31828531395043347 0.665419614817057 0.31609598038357123 0.6526495516288926 0.3118857235242208 0.6342039048015439 0.3073386461161222 0.6136299141095011 0.2990865426717953 0.5791034469711301 0.2931921830687046 0.5547457338529646 0.2881398748374841 0.533935260509289 0.27971936111878315 0.5020101025388777 0.27113043712570817 0.47978073328540616 0.2645624364251214 0.460862121154792 0.2564787432551685 0.4398151651594839 0.2512580247495739 0.4275180672745847 0.24704776789022342 0.4298828937909115 0.24704776789022342 0.43366661621703434 0.25159484529832193 0.4350855121268304 0.2510896144751999 0.4407610957660146 0.25513146106017637 0.4431259222823414 0.2687726932844719 0.4816725944984676 0.28174028441127136 0.52518540239888 0.278708899472539 0.5261313330054107 0.28494007962437773 0.5336987778576563 0.2921817214224605 0.5630226266601082 0.30228633788490167 0.604880055999092 0.3113804927010987 0.6474469332929736 0.30717023584174824 0.6469739679897083 0.30952797968298446 0.6526495516288926 0.3127277748960909 0.6533589995837906 0.3179484934016854 0.680081539218283
1 0.24680314610282772 0.41945435139145604 0.24309530541020305 0.40871579933876556 0.23614310411153183 0.3930960872621248 0.22270218160076752 0.36836487647411037 0.2122738796527607 0.35046728971962615 0.2034677580077772 0.33582380964777553 0.1999916573584416 0.3364746309843022 0.21065169934973743 0.35404680707052305 0.22803220259641543 0.38528623122380445 0.23104482315917296 0.39081821258428134 0.22756872250983737 0.3930960872621248 0.23266700346219624 0.3963501939447583 0.2352161439383757 0.40090594330044516 0.23150830324575108 0.40090594330044516 0.24008268484744555 0.41001744201181894 0.24332704545349212 0.4201051727279827
