1 0.663261217948718 0.7594417077175697 0.6586556085043989 0.7435967814165811 0.6597556089743589 0.7365479348237969 0.6657578812316716 0.7392629617323722 0.6765258431085044 0.7468471461797379 0.6830428685897436 0.7531261841606669 0.6895532852564102 0.7519420234937476 0.6712740384615384 0.7401004168245547 0.6600060096153846 0.7286535303776682 0.6582532051282051 0.7219432865984591 0.6647636217948718 0.7116805608184918 0.6756094208211143 0.7092873755832598 0.6827116935483871 0.7020643427762449 0.6879811217008798 0.7045924042587002 0.6908052884615384 0.7112858405961854 0.7005819281524927 0.7193996215130809 0.7049349340175952 0.7331233838464094 0.7074550953079178 0.7190384698727302 0.7127245234604105 0.7161492567499241 0.7179939516129032 0.7154269534692226 0.7225760630498533 0.7219276829955362 0.7289910190615836 0.7197607731534316 0.727845491202346 0.7356514453288647 0.7315111803519062 0.7428744781358797 0.7189103739002933 0.7399852650130737 0.7138700513196481 0.7468471461797379 0.7133413461538461 0.7554945054945055 0.7081424120234604 0.75262557242535 0.7135917467948718 0.7641783503852468 0.712037206744868 0.7887407364604251 0.702323717948718 0.7918087659466969 0.6968149038461539 0.7925982063913097 0.688301282051282 0.7756252368321334 0.6762820512820513 0.7645730706075533
1 0.6860476762820513 0.7906246052797776 0.6808788489736071 0.8039091053551565 0.6806497434017595 0.7927134045042832 0.6719437316715543 0.7779061872499025 0.6701108870967742 0.7804342487323578 0.6749221041055719 0.7941580110656863 0.6769840542521994 0.8111321381621716 0.6680489369501467 0.8122155930832238 0.6625504032258064 0.8201609291709403 0.6526988636363636 0.8328012365832166 0.6318502565982405 0.845080392355142 0.6201658724340176 0.8515811218814556 0.6258935117302052 0.8400242693902316 0.6203949780058651 0.8382185111884778 0.6219987170087976 0.8288285685393583 0.6151255498533724 0.8241335972147985 0.5878619868035191 0.8418300275919852 0.5892366202346041 0.8501365153200525 0.5972553152492669 0.843635785793739 0.6045866935483871 0.8418300275919852 0.6137509164222874 0.833523539863918 0.6080232771260997 0.845080392355142 0.5997754765395895 0.8562760932060153 0.5638059017595307 0.8678329456972393 0.5603693181818181 0.889863195758635 0.5681589076246334 0.8895020441182844 0.5938187316715543 0.8840847695130232 0.5525797287390029 0.8988919867674039 0.5234833211143695 0.9039481097323144 0.4835084973166369 0.8987592199300298 0.46701699463327373 0.8895062435559628 0.4544387298747764 0.8833375926399182 0.4517522609819121 0.8973918356436399 0.4684145796064401 0.9080121963040968 0.5008385509838998 0.9155027009878653 0.5382938282647586 0.9172651726781638 0.5741156524926686 0.9104488392586279 0.6185152057245081 0.8855406822527913 0.6461873881932021 0.8710002908078288 0.6794654392764857 0.8356563689362406 0.6871366279069767 0.8222909586181438 0.6952115633074936 0.8261096472804571 0.6989045618247298 0.8217050366944807 0.700217587034814 0.8054423739939325 0.6955282112845138 0.8083992217576685 0.6936524609843937 0.792432243833494 0.6861494597839136 0.7791264288966817 0.6835234093637454 0.7803091680021762
1 0.3706691576086957 0.5086742343114157 0.5235499100719424 0.6091186164368997 0.5359150179856115 0.6038026721479959 0.5314186151079137 0.5913988021405535 0.5168185763888888 0.5826719576719577 0.34519361413043476 0.47119297494110085
1 0.5870616007194245 0.5851968671368324 0.5924010791366906 0.5971577417868661 0.6007625272331155 0.5939072947186538 0.6007625272331155 0.5853214849158054 0.5936138344226579 0.5799553537890252
1 0.5879046762589928 0.44255236205124565 0.5853754496402878 0.45451323670127936 0.59099595323741 0.4616011624198178 0.5968974820143884 0.4616011624198178 0.5980215827338129 0.45229825991423606 0.5952113309352518 0.44388134812347163
1 0.60828125 0.4630541871921182 0.6067333633093525 0.466474111351313 0.6109487410071942 0.4740050324272601 0.6129687500000001 0.4798029556650247 0.6045570128479658 0.4791616122192804 0.6055607601713062 0.4860180799780593 0.6179403104925053 0.4876003417685467 0.6263048715203425 0.4999947257940317 0.6279777837259101 0.4947205198257403 0.6222898822269808 0.4802164534129387 0.6174384368308351 0.4802164534129387 0.61484375 0.46847290640394085 0.61171875 0.4623152709359606
1 0.5170863309352518 0.4341354502604812 0.5184914568345323 0.4460963249105149 0.5266411870503597 0.45229825991423606 0.5282722162740899 0.44145103954599635 0.5283273381294964 0.4310344827586206 0.5221447841726619 0.43014849204380334
1 0.69484375 0.4766009852216749 0.694375 0.4798029556650247 0.6959375 0.4849753694581281 0.7003125 0.4839901477832512 0.70015625 0.4770935960591133
1 0.5921875 0.3224137931034483 0.591875 0.3293103448275862 0.59578125 0.33374384236453203 0.59671875 0.34211822660098523 0.5978125000000001 0.3495073891625616 0.6003125 0.34630541871921183 0.60046875 0.3396551724137931 0.5984375 0.33374384236453203 0.59578125 0.3288177339901478 0.59546875 0.3248768472906404
1 0.6034375 0.36280788177339907 0.6059375 0.3573891625615763 0.6034375 0.35344827586206895 0.6046875 0.3477832512315271 0.6028125 0.3431034482758621 0.60609375 0.3379310344827586 0.6075 0.33226600985221677 0.60421875 0.33497536945812806 0.6009375 0.3295566502463054 0.6040625000000001 0.3251231527093596 0.60875 0.3268472906403941 0.610625 0.3315270935960591 0.6079687500000001 0.3401477832512315 0.6071875 0.34827586206896555 0.60890625 0.3532019704433498 0.6084375 0.35763546798029555 0.60703125 0.3640394088669951
1 0.5996875 0.3699507389162561 0.605 0.3704433497536946 0.61109375 0.3726600985221675 0.61515625 0.37512315270935964 0.624375 0.3773399014778325 0.628125 0.3798029556650246 0.6370312499999999 0.38152709359605913 0.6392187500000001 0.3753694581280788 0.63515625 0.37389162561576356 0.630625 0.37561576354679804 0.63453125 0.3694581280788177 0.62703125 0.3694581280788177 0.62328125 0.3704433497536946 0.61390625 0.36798029556650247 0.6096874999999999 0.36674876847290644
1 0.33953125 0.4401477832512315 0.336875 0.4455665024630542 0.34015625 0.45197044334975367 0.34578125000000004 0.4578817733990148 0.34750000000000003 0.45073891625615764 0.34359375000000003 0.44359605911330047
1 0.6386885683760684 0.2320954907161804 0.6593883547008548 0.21472780093469748 0.6830929487179487 0.20157046019114985 0.6860977564102565 0.19157088122605365 0.6764155982905983 0.18788682581786031 0.7027911324786326 0.1605195570712812 0.6844284188034189 0.15999326344153933 0.6663995726495726 0.18051871500147365 0.6720753205128205 0.18630794492863462 0.648036858974359 0.20367563471011746 0.6423611111111112 0.21946444360237463
