1 0.9009287925696594 0.4895121951219512 0.9024767801857585 0.49658536585365853 0.9145510835913312 0.4978048780487805 0.9145510835913312 0.5019512195121951 0.9244582043343654 0.5029268292682927 0.9190402476780186 0.4951219512195122 0.9184210526315789 0.4885365853658537
1 0.9130030959752321 0.5278048780487805 0.9253869969040247 0.5278048780487805 0.9277089783281733 0.5319512195121952 0.9366873065015481 0.5370731707317072 0.9413312693498452 0.5417073170731708 0.953250773993808 0.541951219512195 0.9526315789473684 0.534390243902439 0.9397832817337461 0.5324390243902439 0.9407120743034056 0.5275609756097561 0.9295665634674922 0.5263414634146342 0.9287925696594427 0.5224390243902439 0.9117647058823529 0.5229268292682927
1 0.9410216718266253 0.5592682926829269 0.9537151702786378 0.5670731707317073 0.9619195046439628 0.5651219512195121 0.958204334365325 0.5570731707317074 0.9475232198142415 0.5573170731707318
0 0.2546842010585016 0.35194301484299245 0.21586616297895303 0.3064443947191766 0.20734513022978385 0.2877974192585963 0.250423684683917 0.322107854106064 0.2570511545999375 0.32434549116133365 0.26604557805739387 0.3250913701797569 0.2755133922231375 0.34150070858506754 0.29728936480434764 0.3526888938614157 0.3271129794264398 0.360893563064071 0.35646320334024484 0.3631312001193407 0.3744520502551576 0.38177817557992094 0.3744520502551576 0.4034086671141941 0.362143891839691 0.4213097635563512 0.3441550449247782 0.4287685537405833 0.29113528559661433 0.41161333631684943 0.26083828026623496 0.38177817557992094
1 0.7582043343653251 0.37170731707317073 0.7644626741075243 0.3800942468023406 0.7665989627496993 0.38475480296204234 0.773374613003096 0.39 0.781059993558268 0.38734400082854337 0.7846752512604103 0.3813888457355911 0.7881261790670006 0.37776396872248974 0.7815529832449238 0.37258557298948786 0.7759657667961587 0.36585365853658536 0.7733364884673279 0.367666097043136 0.775308447213951 0.37129097405623734 0.7693925709740819 0.367666097043136 0.771035869929601 0.37413909170938847 0.76671826625387 0.37414634146341463 0.7602167182662539 0.36878048780487804
1 0.6475232198142415 0.35121951219512193 0.6594427244582043 0.3651219512195122 0.6640866873065016 0.3724390243902439 0.6701238390092878 0.3785365853658536 0.6739938080495356 0.3751219512195122 0.6784829721362229 0.3824390243902439 0.684984520123839 0.3826829268292683 0.6882352941176471 0.375609756097561 0.6871517027863777 0.37024390243902444 0.669814241486068 0.3492682926829268 0.6722910216718266 0.3565853658536585 0.6794117647058823 0.3673170731707317 0.6766253869969041 0.37 0.6702786377708978 0.3619512195121951 0.6608359133126934 0.3514634146341463 0.6595975232198142 0.35292682926829266 0.6643962848297214 0.3629268292682927 0.6569659442724458 0.35463414634146345
1 0.5962848297213622 0.38121951219512196 0.5942724458204334 0.3760975609756097 0.590092879256966 0.37073170731707317 0.586687306501548 0.3641463414634147 0.5835913312693498 0.36073170731707316 0.5839009287925696 0.35536585365853657 0.5860681114551084 0.3551219512195122 0.586687306501548 0.3582926829268293 0.5925696594427244 0.3665853658536586 0.5976780185758515 0.37585365853658537 0.6018575851393189 0.3785365853658536 0.6071207430340557 0.3807317073170732 0.610061919504644 0.37878048780487805 0.6160990712074303 0.3785365853658536 0.6243034055727554 0.3785365853658536 0.6281733746130032 0.38121951219512196 0.6385448916408669 0.3804878048780488 0.6456656346749227 0.38658536585365855 0.6479876160990713 0.3934146341463415 0.6552631578947369 0.405609756097561 0.6681114551083591 0.4287804878048781 0.6778637770897833 0.44853658536585367 0.6695046439628483 0.4421951219512195 0.6622291021671827 0.42560975609756097 0.6535603715170278 0.41170731707317076 0.6469040247678018 0.4014634146341463 0.6397832817337461 0.39146341463414636 0.6363777089783282 0.3858536585365853 0.6278637770897834 0.38609756097560977 0.6227554179566563 0.3834146341463414 0.6190402476780186 0.3848780487804878 0.6176470588235294 0.3904878048780488 0.6233746130030959 0.3921951219512195 0.6325077399380805 0.4082926829268293 0.6380804953560372 0.4080487804878049 0.6503095975232198 0.4195121951219512 0.6492260061919505 0.42317073170731706 0.6354489164086687 0.4131707317073171 0.6297213622291021 0.4114634146341463 0.6218266253869968 0.3990243902439024 0.6147058823529412 0.3968292682926829 0.6142414860681115 0.3904878048780488 0.6109907120743033 0.38926829268292684 0.6134674922600619 0.38414634146341464 0.6105263157894737 0.38463414634146337 0.6075851393188855 0.38682926829268294 0.6041795665634675 0.3853658536585366 0.6086687306501548 0.39365853658536587 0.6072755417956657 0.39780487804878045 0.6015479876160991 0.3897560975609756 0.5995356037151703 0.38439024390243903
1 0.6787925696594427 0.4041463414634146 0.6857585139318886 0.40536585365853656 0.6859133126934985 0.3975609756097561 0.6961300309597523 0.4060975609756098 0.711764705882353 0.4175609756097561 0.7047987616099072 0.4082926829268293 0.6979876160990711 0.40024390243902436 0.6877708978328173 0.3895121951219512 0.68343653250774 0.3904878048780488 0.6825077399380804 0.4
1 0.6178018575851394 0.36365853658536584 0.6267801857585139 0.37731707317073165 0.6325077399380805 0.3778048780487805 0.6377708978328174 0.3753658536585366 0.6346749226006192 0.3675609756097561 0.6295665634674923 0.37024390243902444 0.6213622291021671 0.36
1 0.7414860681114551 0.35634146341463413 0.7385448916408669 0.3619512195121951 0.7393188854489164 0.3673170731707317 0.7442724458204335 0.37731707317073165 0.743343653250774 0.3826829268292683 0.7371517027863776 0.38414634146341464 0.743498452012384 0.3875609756097561 0.7518575851393189 0.3878048780487805 0.7473684210526316 0.37878048780487805 0.7478328173374613 0.3714634146341464 0.7425696594427245 0.3651219512195122
1 0.5806501547987617 0.3153658536585366 0.586687306501548 0.31609756097560976 0.5934984520123838 0.3182926829268293 0.6360681114551083 0.32658536585365855 0.6352941176470588 0.3221951219512195 0.6269349845201239 0.3197560975609756 0.6131578947368421 0.3182926829268293 0.6091331269349846 0.31414634146341464 0.5947368421052631 0.31414634146341464 0.5862229102167182 0.30878048780487805 0.5792569659442725 0.3104878048780488
1 0.5267801857585139 0.3180487804878049 0.5592879256965945 0.31853658536585366 0.5557275541795665 0.31097560975609756 0.5272445820433437 0.31097560975609756
1 0.47585139318885444 0.3517073170731707 0.4760061919504644 0.35682926829268297 0.4891640866873065 0.37365853658536585 0.49984520123839005 0.38902439024390245 0.5029411764705882 0.38658536585365855 0.48312693498452014 0.3590243902439024
1 0.46083591331269347 0.3619512195121951 0.4582043343653251 0.36634146341463414 0.46145510835913317 0.3695121951219512 0.4619195046439628 0.37414634146341463 0.4674922600619195 0.36853658536585365
1 0.3815789473684211 0.3458536585365854 0.3798761609907121 0.3507317073170732 0.3910216718266254 0.37097560975609756 0.37260061919504645 0.37121951219512195 0.374922600619195 0.37585365853658537 0.39210526315789473 0.375609756097561 0.40294117647058825 0.39560975609756094 0.4230650154798762 0.4241463414634146 0.42167182662538694 0.42902439024390243 0.4185758513931888 0.4253658536585366 0.4126934984520124 0.42317073170731706 0.39969040247678017 0.408780487804878 0.41099071207430343 0.4292682926829268 0.4176470588235294 0.4302439024390244 0.41873065015479877 0.4378048780487805 0.4267801857585139 0.43317073170731707 0.4326625386996904 0.4429268292682927 0.43653250773993807 0.4380487804878049 0.43281733746130036 0.42902439024390243 0.4264705882352941 0.4239024390243903 0.40325077399380804 0.38658536585365855
1 0.4027863777089783 0.3565853658536585 0.42352941176470593 0.39121951219512197 0.42027863777089786 0.3917073170731707 0.41578947368421054 0.385609756097561 0.4069659442724458 0.38146341463414635 0.40727554179566566 0.3834146341463414 0.4102167182662539 0.3870731707317073 0.41377708978328176 0.38853658536585367 0.418266253869969 0.3965853658536585 0.42569659442724456 0.39707317073170734 0.4461300309597523 0.4248780487804878 0.4270897832817337 0.41 0.42755417956656344 0.4139024390243902 0.4425696594427244 0.42829268292682926 0.4551083591331269 0.43487804878048786 0.46393188854489165 0.4473170731707317 0.4671826625386997 0.444390243902439 0.4701238390092879 0.4482926829268293 0.4727554179566563 0.4456097560975609 0.47058823529411764 0.4407317073170731 0.47120743034055723 0.43073170731707316 0.4668730650154799 0.43317073170731707 0.4486068111455109 0.4065853658536585 0.4424148606811146 0.40536585365853656 0.4541795665634675 0.4268292682926829 0.4526315789473684 0.42902439024390243 0.4286377708978328 0.39292682926829264 0.4046439628482972 0.35292682926829266
1 0.4600619195046439 0.40951219512195125 0.46888544891640865 0.4219512195121951 0.4741486068111455 0.42560975609756097 0.48142414860681115 0.4326829268292683 0.48900928792569653 0.4429268292682927 0.5007739938080495 0.46463414634146344 0.5029411764705882 0.45975609756097563 0.49582043343653254 0.44853658536585367 0.48993808049535603 0.43585365853658536 0.4747678018575851 0.41 0.471671826625387 0.41195121951219515 0.48204334365325074 0.4292682926829268 0.4628482972136223 0.4082926829268293
1 0.5212074303405573 0.4573170731707317 0.5226006191950465 0.4548780487804878 0.5013931888544891 0.4139024390243902 0.5020123839009288 0.40707317073170735 0.5074303405572755 0.41585365853658535 0.5168730650154798 0.43585365853658536 0.5323529411764706 0.46439024390243905 0.5339009287925697 0.45975609756097563 0.5334365325077399 0.4539024390243902 0.5198142414860681 0.4302439024390244 0.5212074303405573 0.4287804878048781 0.5374613003095975 0.4541463414634146 0.5399380804953561 0.45512195121951216 0.5362229102167182 0.47073170731707314 0.531888544891641 0.4682926829268293 0.5289473684210526 0.4719512195121951 0.5247678018575851 0.46414634146341466 0.5230650154798762 0.47146341463414637 0.5137770897832817 0.4573170731707317 0.509907120743034 0.44853658536585367 0.5109907120743035 0.4426829268292683
1 0.5160990712074303 0.40512195121951217 0.534984520123839 0.42609756097560975 0.5575851393188854 0.45 0.5609907120743034 0.4607317073170732 0.5708978328173375 0.4773170731707317 0.5764705882352941 0.4795121951219512 0.5708978328173375 0.4712195121951219 0.5637770897832817 0.4563414634146341 0.5753869969040247 0.4639024390243902 0.5856037151702786 0.4853658536585366 0.588390092879257 0.4870731707317073 0.5888544891640867 0.48097560975609754 0.5927244582043343 0.4795121951219512 0.5978328173374613 0.484390243902439 0.6009287925696595 0.48243902439024394 0.6035603715170278 0.48731707317073175 0.6082043343653251 0.48585365853658535 0.6140866873065015 0.4841463414634146 0.6120743034055727 0.47609756097560973 0.6065015479876161 0.47829268292682925 0.6094427244582044 0.47146341463414637 0.6037151702786377 0.46658536585365856 0.6018575851393189 0.47073170731707314 0.6007739938080495 0.4753658536585366 0.5975232198142415 0.47609756097560973 0.5911764705882353 0.47170731707317076 0.5882352941176471 0.47170731707317076 0.5815789473684211 0.4612195121951219 0.5730650154798761 0.4585365853658537 0.5538699690402477 0.4397560975609756 0.5298761609907121 0.41585365853658535 0.5179566563467493 0.40195121951219515
1 0.6721362229102167 0.49121951219512194 0.6603715170278638 0.48292682926829267 0.6453560371517028 0.4702439024390244 0.6447368421052632 0.47365853658536583 0.6544891640866873 0.48560975609756096 0.6626934984520124 0.4917073170731707 0.6622291021671827 0.49365853658536585 0.6544891640866873 0.4895121951219512 0.6459752321981425 0.48341463414634145 0.6447368421052632 0.4875609756097561 0.6552631578947369 0.49658536585365853 0.6637770897832818 0.5024390243902439 0.6662538699690402 0.49414634146341463 0.6730650154798762 0.49878048780487805 0.6784829721362229 0.49926829268292683 0.6826625386996904 0.5046341463414634 0.689938080495356 0.505609756097561 0.6987616099071207 0.5085365853658537 0.7114551083591332 0.5087804878048781 0.7136222910216719 0.5139024390243903 0.73328173374613 0.5134146341463415 0.7441176470588236 0.514390243902439 0.7540247678018576 0.5229268292682927 0.7602167182662539 0.5270731707317073 0.7670278637770898 0.535609756097561 0.7880804953560372 0.5458536585365854 0.7961300309597522 0.5434146341463415 0.791640866873065 0.5404878048780488 0.8013931888544892 0.5390243902439025 0.7925696594427245 0.5339024390243903 0.7721362229102168 0.5285365853658537 0.7670278637770898 0.526829268292683 0.7620743034055728 0.5214634146341464 0.7583591331269349 0.5178048780487805 0.7552631578947369 0.5182926829268293 0.7441176470588236 0.5097560975609756 0.7165634674922601 0.5075609756097561 0.7130030959752323 0.5036585365853659 0.7009287925696595 0.5041463414634146 0.7003095975232198 0.4982926829268293 0.6944272445820434 0.4953658536585366 0.6922600619195046 0.4919512195121951 0.6877708978328173 0.4997560975609756 0.6812693498452013 0.49853658536585366 0.6791021671826625 0.4924390243902439
1 0.7927244582043343 0.5273170731707317 0.8032507739938081 0.5331707317073171 0.8136222910216718 0.5353658536585366 0.81671826625387 0.5387804878048781 0.826780185758514 0.544390243902439 0.8359133126934984 0.5465853658536586 0.824922600619195 0.5382926829268292 0.8190402476780186 0.5329268292682927 0.8142414860681114 0.5287804878048781
1 0.5479876160990712 0.4773170731707317 0.5458204334365325 0.4724390243902439 0.5407120743034056 0.4653658536585366 0.5444272445820433 0.46195121951219514 0.5498452012383901 0.47073170731707314 0.5538699690402477 0.46756097560975607 0.5493808049535603 0.45756097560975606 0.5518575851393189 0.4526829268292683 0.5568111455108359 0.46195121951219514 0.5619195046439629 0.4787804878048781
1 0.5599071207430341 0.3724390243902439 0.5634674922600619 0.3770731707317073 0.5753869969040247 0.3921951219512195 0.586687306501548 0.408780487804878 0.5893188854489164 0.40853658536585363 0.584984520123839 0.3990243902439024 0.5726006191950465 0.3829268292682927 0.5616099071207431 0.36780487804878054
1 0.5758513931888545 0.3619512195121951 0.5821981424148607 0.374390243902439 0.5778637770897833 0.37585365853658537 0.584984520123839 0.37902439024390244 0.5882352941176471 0.38195121951219513 0.5876160990712075 0.38658536585365855 0.5908668730650155 0.38682926829268294 0.6013931888544891 0.4017073170731707 0.5941176470588235 0.38609756097560977
1 0.36950464396284827 0.41585365853658535 0.3764705882352941 0.42609756097560975 0.38049535603715173 0.4270731707317073 0.39009287925696595 0.43414634146341463 0.3978328173374613 0.43902439024390244 0.40820433436532505 0.44390243902439025 0.411609907120743 0.4429268292682927 0.40789473684210525 0.4317073170731707 0.40139318885448916 0.42073170731707316 0.3956656346749226 0.408780487804878 0.3958204334365325 0.40292682926829265 0.3801857585139319 0.38439024390243903 0.39210526315789473 0.40756097560975607 0.4043343653250774 0.4302439024390244 0.40139318885448916 0.4297560975609756 0.39256965944272443 0.4151219512195122 0.37755417956656345 0.3975609756097561 0.3787925696594427 0.40512195121951217 0.39179566563467494 0.42097560975609755 0.3990712074303406 0.43243902439024395 0.3874613003095975 0.4268292682926829 0.3843653250773994 0.4214634146341464 0.3784829721362229 0.42121951219512194 0.37198142414860685 0.41365853658536583
1 0.41501547987616105 0.34804878048780485 0.41470588235294115 0.3517073170731707 0.42260061919504643 0.364390243902439 0.4335913312693499 0.3804878048780488 0.4464396284829721 0.3909756097560976 0.4289473684210527 0.36780487804878054
1 0.413312693498452 0.3551219512195122 0.4114551083591331 0.3575609756097561 0.42569659442724456 0.3804878048780488 0.42352941176470593 0.37097560975609756
1 0.5252516519073003 0.3638888161169474 0.5285770818022499 0.36886641691336347 0.5329001406656845 0.370962248827644 0.5365581135501292 0.3699143328705038 0.5317362402024521 0.3638888161169474 0.5285770818022499 0.35995913127767154
