1 0.49473684210526314 0.815406976744186 0.5 0.8270348837209303 0.5345518136176454 0.8505197038809542 0.5585265414339708 0.8710835265086369 0.6078862751734642 0.9150153293950498 0.6048245614035088 0.897093023255814 0.5768601568229255 0.8757571225603829 0.5565789473684211 0.857267441860465
1 0.4824561403508772 0.7924418604651163 0.47017543859649125 0.7880813953488373 0.4728070175438596 0.7944767441860465 0.523269588762904 0.8299558812532716 0.5655779319681842 0.8551932999327003 0.6008348846392508 0.8841695954535258 0.6078947368421053 0.8767441860465117 0.5500648727929148 0.8355641965153668
1 0.5368421052631579 0.7837209302325582 0.44999999999999996 0.7369186046511628 0.4478070175438596 0.7430232558139535 0.4872807017543859 0.7645348837209303 0.5679824561403509 0.811046511627907 0.5960526315789474 0.8322674418604652 0.6004385964912281 0.8255813953488372 0.6109649122807018 0.8296511627906976 0.6135964912280703 0.8244186046511629 0.6030701754385965 0.8156976744186047 0.6087719298245614 0.8061046511627907 0.5521929824561403 0.7741279069767443
1 0.5807017543859649 0.7639534883720931 0.5552631578947368 0.7488372093023257 0.55 0.752906976744186 0.5782704349297682 0.7691991325805728 0.6175438596491228 0.7898255813953488 0.6157894736842106 0.7799418604651163
1 0.606140350877193 0.7369186046511628 0.618859649122807 0.7497093023255813 0.631578947368421 0.7468023255813953 0.6223684210526316 0.7409883720930233
1 0.5763157894736842 0.570639534883721 0.5473684210526316 0.5648255813953489 0.5293859649122807 0.5674418604651162 0.5853218254639815 0.5813205713003813 0.581578947368421 0.5892441860465116 0.5903508771929824 0.598546511627907 0.593421052631579 0.6171511627906977 0.5557017543859649 0.6174418604651163 0.575 0.6273255813953489 0.5956140350877194 0.6389534883720931 0.6004385964912281 0.645639534883721 0.6163479438145202 0.650489792866223 0.6135273876008348 0.6392731623420325 0.6381578947368421 0.6401162790697674 0.630701754385965 0.6343023255813953 0.6290404467761043 0.6252523741867942 0.6114035087719298 0.6229651162790698 0.6114035087719298 0.6142441860465117 0.6039473684210526 0.6072674418604651 0.6017543859649123 0.5965116279069768 0.6171052631578947 0.5904069767441861 0.6021929824561404 0.5877906976744186 0.6021929824561404 0.5805232558139535 0.5969298245614035 0.5723837209302326
1 0.5364035087719298 0.3674418604651163 0.5425438596491228 0.39156976744186045 0.5557017543859649 0.39127906976744187 0.5570175438596491 0.38023255813953494 0.5764958247146249 0.3755966284147456 0.5726652876733318 0.36734538438102976
1 0.521910671876197 0.3070478318269524 0.518421052631579 0.3174418604651163 0.5293644854632632 0.32870421396818394 0.5342146836285026 0.31354935890370694
1 0.5504385964912281 0.47470930232558145 0.5808453995250135 0.47490225449375445 0.5789473684210527 0.49883720930232556 0.5671052631578948 0.4848837209302326
1 0.5328947368421053 0.448546511627907 0.5894736842105264 0.448546511627907 0.5758771929824562 0.44273255813953494 0.5399122807017543 0.4433139534883721
